#
# HodoPHC.param Run740
#
# CId   PlaneId  Seg     UorD    Type    #Para para1 ...
#
#       Type=0 no correction will be performed
#       Type=1 ct=t-p[0]/sqrt(a-p[1])+p[2]
# BH1 Up
#
 3      0       0       0       1       3       0.000   0.000   0.000 
 3      0       1       0       1       3       0.000   0.000   0.000 
 3      0       2       0       1       3       0.000   0.000   0.000 
 3      0       3       0       1       3       0.000   0.000   0.000 
 3      0       4       0       1       3       0.000   0.000   0.000 
 3      0       5       0       1       3       0.000   0.000   0.000 
 3      0       6       0       1       3       0.000   0.000   0.000 
 3      0       7       0       1       3       0.000   0.000   0.000 
 3      0       8       0       1       3       0.000   0.000   0.000 
 3      0       9       0       1       3       0.000   0.000   0.000 
 3      0       10      0       1       3       0.000   0.000   0.000 

#
# BH1 Down
#
 3      0       0       1       1       3       0.000   0.000   0.000
 3      0       1       1       1       3       0.000   0.000   0.000
 3      0       2       1       1       3       0.000   0.000   0.000
 3      0       3       1       1       3       0.000   0.000   0.000
 3      0       4       1       1       3       0.000   0.000   0.000
 3      0       5       1       1       3       0.000   0.000   0.000
 3      0       6       1       1       3       0.000   0.000   0.000
 3      0       7       1       1       3       0.000   0.000   0.000
 3      0       8       1       1       3       0.000   0.000   0.000
 3      0       9       1       1       3       0.000   0.000   0.000
 3      0       10      1       1       3       0.000   0.000   0.000

#
# BH2 Up
#
 4      0       0       0       1       3       0.000   0.000   0.000
 4      0       1       0       1       3       0.000   0.000 	0.000
 4      0       2       0       1       3       0.000   0.000 	0.000
 4      0       3       0       1       3       0.000   0.000 	0.000
 4      0       4       0       1       3       0.000   0.000 	0.000
 4      0       5       0       1       3       0.000   0.000 	0.000
 4      0       6       0       1       3       0.000   0.000 	0.000

#
# BH2 Down
#
 4      0       0       1       1       3       0.000   0.000   0.000
 4      0       1       1       1       3       0.000	0.000	0.000
 4      0       2       1       1       3       0.000	0.000	0.000
 4      0       3       1       1       3       0.000	0.000	0.000
 4      0       4       1       1       3       0.000	0.000	0.000
 4      0       5       1       1       3       0.000	0.000	0.000
 4      0       6       1       1       3       0.000	0.000	0.000
#
#TOF Up
#
 5	0	0	0	1	3       0.000   0.000   0.000
 5	0	1	0	1	3       0.000	0.000	0.000
 5	0	2	0	1	3       0.000	0.000	0.000
 5	0	3	0	1	3       0.000	0.000	0.000
 5	0	4	0	1	3       0.000	0.000	0.000
 5	0	5	0	1	3       0.000	0.000	0.000
 5	0	6	0	1	3       0.000	0.000	0.000	
 5	0	7	0	1	3       0.000   0.000   0.000	
 5	0	8	0	1	3       0.000	0.000	0.000	
 5	0	9	0	1	3       0.000	0.000	0.000	
 5	0	10	0	1	3       0.000	0.000	0.000	
 5	0	11	0	1	3       0.000	0.000	0.000
 5	0	12	0	1	3       0.000	0.000	0.000
 5	0	13	0	1	3       0.000	0.000	0.000
 5	0	14	0	1	3       0.000   0.000   0.000	
 5	0	15	0	1	3       0.000	0.000	0.000
 5	0	16	0	1	3       0.000	0.000	0.000	
 5	0	17	0	1	3       0.000	0.000	0.000	
 5	0	18	0	1	3       0.000	0.000	0.000	
 5	0	19	0	1	3       0.000	0.000	0.000
 5	0	20	0	1	3       0.000	0.000	0.000
 5	0	21	0	1	3       0.000   0.000   0.000
 5	0	22	0	1	3       0.000	0.000	0.000	
 5	0	23	0	1	3       0.000	0.000	0.000	
 5	0	24	0	1	3       0.000	0.000	0.000		
 5	0	25	0	1	3       0.000	0.000	0.000	
 5	0	26	0	1	3       0.000	0.000	0.000	
 5	0	27	0	1	3       0.000	0.000	0.000
 5	0	28	0	1	3       0.000   0.000   0.000
 5	0	29	0	1	3       0.000	0.000	0.000
 5	0	30	0	1	3       0.000	0.000	0.000	
 5	0	31	0	1	3       0.000	0.000	0.000
#
#TOF Down
#
 5	0	0	1	1	3       0.000   0.000   0.000	
 5	0	1	1	1	3       0.000	0.000	0.000
 5	0	2	1	1	3       0.000	0.000	0.000
 5	0	3	1	1	3       0.000	0.000	0.000
 5	0	4	1	1	3       0.000	0.000	0.000
 5	0	5	1	1	3       0.000	0.000	0.000
 5	0	6	1	1	3       0.000	0.000	0.000
 5	0	7	1	1	3       0.000   0.000   0.000
 5	0	8	1	1	3       0.000	0.000	0.000			
 5	0	9	1	1	3       0.000	0.000	0.000	
 5	0	10	1	1	3       0.000	0.000	0.000	
 5	0	11	1	1	3       0.000	0.000	0.000
 5	0	12	1	1	3       0.000	0.000	0.000
 5	0	13	1	1	3       0.000	0.000	0.000
 5	0	14	1	1	3       0.000   0.000   0.000	
 5	0	15	1	1	3       0.000	0.000	0.000	
 5	0	16	1	1	3       0.000	0.000	0.000	
 5	0	17	1	1	3       0.000	0.000	0.000	
 5	0	18	1	1	3       0.000	0.000	0.000	
 5	0	19	1	1	3       0.000	0.000	0.000
 5	0	20	1	1	3       0.000	0.000	0.000
 5	0	21	1	1	3       0.000   0.000   0.000
 5	0	22	1	1	3       0.000	0.000	0.000	
 5	0	23	1	1	3       0.000	0.000	0.000	
 5	0	24	1	1	3       0.000	0.000	0.000	
 5	0	25	1	1	3       0.000	0.000	0.000	
 5	0	26	1	1	3       0.000	0.000	0.000
 5	0	27	1	1	3       0.000	0.000	0.000
 5	0	28	1	1	3       0.000   0.000   0.000
 5	0	29	1	1	3       0.000	0.000	0.000
 5	0	30	1	1	3       0.000	0.000	0.000	
 5	0	31	1	1	3       0.000	0.000	0.000
#
#LC Up
#
 7	0	0	0	1	3       0.000   0.000   0.000
 7	0	1	0	1	3       0.000	0.000	0.000
 7	0	2	0	1	3       0.000	0.000	0.000
 7	0	3	0	1	3       0.000	0.000	0.000
 7	0	4	0	1	3       0.000	0.000	0.000
 7	0	5	0	1	3       0.000	0.000	0.000
 7	0	6	0	1	3       0.000	0.000	0.000	
 7	0	7	0	1	3       0.000   0.000   0.000	
 7	0	8	0	1	3       0.000	0.000	0.000	
 7	0	9	0	1	3       0.000	0.000	0.000	
 7	0	10	0	1	3       0.000	0.000	0.000	
 7	0	11	0	1	3       0.000	0.000	0.000
 7	0	12	0	1	3       0.000	0.000	0.000
 7	0	13	0	1	3       0.000	0.000	0.000
 7	0	14	0	1	3       0.000   0.000   0.000	
 7	0	15	0	1	3       0.000	0.000	0.000
 7	0	16	0	1	3       0.000	0.000	0.000	
 7	0	17	0	1	3       0.000	0.000	0.000	
 7	0	18	0	1	3       0.000	0.000	0.000	
 7	0	19	0	1	3       0.000	0.000	0.000
 7	0	20	0	1	3       0.000	0.000	0.000
 7	0	21	0	1	3       0.000   0.000   0.000
 7	0	22	0	1	3       0.000	0.000	0.000	
 7	0	23	0	1	3       0.000	0.000	0.000	
 7	0	24	0	1	3       0.000	0.000	0.000		
 7	0	25	0	1	3       0.000	0.000	0.000	
 7	0	26	0	1	3       0.000	0.000	0.000	
 7	0	27	0	1	3       0.000	0.000	0.000
#
#LC Down
#
 7	0	0	1	1	3       0.000   0.000   0.000	
 7	0	1	1	1	3       0.000	0.000	0.000
 7	0	2	1	1	3       0.000	0.000	0.000
 7	0	3	1	1	3       0.000	0.000	0.000
 7	0	4	1	1	3       0.000	0.000	0.000
 7	0	5	1	1	3       0.000	0.000	0.000
 7	0	6	1	1	3       0.000	0.000	0.000
 7	0	7	1	1	3       0.000   0.000   0.000
 7	0	8	1	1	3       0.000	0.000	0.000			
 7	0	9	1	1	3       0.000	0.000	0.000	
 7	0	10	1	1	3       0.000	0.000	0.000	
 7	0	11	1	1	3       0.000	0.000	0.000
 7	0	12	1	1	3       0.000	0.000	0.000
 7	0	13	1	1	3       0.000	0.000	0.000
 7	0	14	1	1	3       0.000   0.000   0.000	
 7	0	15	1	1	3       0.000	0.000	0.000	
 7	0	16	1	1	3       0.000	0.000	0.000	
 7	0	17	1	1	3       0.000	0.000	0.000	
 7	0	18	1	1	3       0.000	0.000	0.000	
 7	0	19	1	1	3       0.000	0.000	0.000
 7	0	20	1	1	3       0.000	0.000	0.000
 7	0	21	1	1	3       0.000   0.000   0.000
 7	0	22	1	1	3       0.000	0.000	0.000	
 7	0	23	1	1	3       0.000	0.000	0.000	
 7	0	24	1	1	3       0.000	0.000	0.000	
 7	0	25	1	1	3       0.000	0.000	0.000	
 7	0	26	1	1	3       0.000	0.000	0.000
 7	0	27	1	1	3       0.000	0.000	0.000
#
