#PlaneID  WireId    p1         p0
######
#
################################################
#BLDC
#Layer 1
101     1	10.00000E-01	-954.00000
101	2	10.00000E-01	-954.00000
101	3	10.00000E-01	-954.00000
101	4	10.00000E-01	-954.00000
101	5	10.00000E-01	-954.00000
101	6	10.00000E-01	-954.00000
101	7	10.00000E-01	-954.00000
101	8	10.00000E-01	-954.00000
101	9	10.00000E-01	-954.00000
101     10	10.00000E-01	-954.00000
101	11	10.00000E-01	-954.00000
101	12	10.00000E-01	-954.00000
101	13 	10.00000E-01	-954.00000
101	14	10.00000E-01	-954.00000
101	15	10.00000E-01	-954.00000
101	16	10.00000E-01	-954.00000
101	17	10.00000E-01	-954.00000
101	18	10.00000E-01	-954.00000
101	19	10.00000E-01	-954.00000
101	20	10.00000E-01	-954.00000
101	21	10.00000E-01	-954.00000
101	22	10.00000E-01	-954.00000
101	23	10.00000E-01	-954.00000
101	24	10.00000E-01	-954.00000
101	25	10.00000E-01	-954.00000
101	26	10.00000E-01	-954.00000
101	27	10.00000E-01	-954.00000
101	28	10.00000E-01	-954.00000
101	29	10.00000E-01	-954.00000
101	30	10.00000E-01	-954.00000
101	31	10.00000E-01	-954.00000
101	32	10.00000E-01	-954.00000
101	33	10.00000E-01	-954.00000
101	34	10.00000E-01	-954.00000
101	35	10.00000E-01	-954.00000
101	36	10.00000E-01	-954.00000
101	37	10.00000E-01	-954.00000
101	38	10.00000E-01	-954.00000
101	39	10.00000E-01	-954.00000
101	40	10.00000E-01	-954.00000
101	41	10.00000E-01	-954.00000
101	42	10.00000E-01	-954.00000
101	43	10.00000E-01	-954.00000
101	44	10.00000E-01	-954.00000
101	45 	10.00000E-01	-954.00000
101	46	10.00000E-01	-954.00000
101	47	10.00000E-01	-954.00000
101	48	10.00000E-01	-954.00000
101	49	10.00000E-01	-954.00000
101	50	10.00000E-01	-954.00000
101	51	10.00000E-01	-954.00000
101	52	10.00000E-01	-954.00000
101	53	10.00000E-01	-954.00000
101	54	10.00000E-01	-954.00000
101	55	10.00000E-01	-954.00000
101	56	10.00000E-01	-954.00000
101	57	10.00000E-01	-954.00000
101	58	10.00000E-01	-954.00000
101	59	10.00000E-01	-954.00000
101	60	10.00000E-01	-954.00000
101	61	10.00000E-01	-954.00000
101	62	10.00000E-01	-954.00000
101	63	10.00000E-01	-954.00000
101	64	10.00000E-01	-954.00000
101	65	10.00000E-01	-954.00000
101	66	10.00000E-01	-954.00000
101	67	10.00000E-01	-954.00000
101	68	10.00000E-01	-954.00000
101	69	10.00000E-01	-954.00000
101	70	10.00000E-01	-954.00000
101	71	10.00000E-01	-954.00000
101	72	10.00000E-01	-954.00000
101	73	10.00000E-01	-954.00000
101	74	10.00000E-01	-954.00000
101	75	10.00000E-01	-954.00000
101	76	10.00000E-01	-954.00000
101	77 	10.00000E-01	-954.00000
101	78	10.00000E-01	-954.00000
101	79	10.00000E-01	-954.00000
101	80	10.00000E-01	-954.00000
101	81	10.00000E-01	-954.00000
101	82	10.00000E-01	-954.00000
101	83	10.00000E-01	-954.00000
101	84	10.00000E-01	-954.00000
101	85	10.00000E-01	-954.00000
101	86	10.00000E-01	-954.00000
101	87	10.00000E-01	-954.00000
101	88	10.00000E-01	-954.00000
101	89	10.00000E-01	-954.00000
101	90	10.00000E-01	-954.00000
101	91	10.00000E-01	-954.00000
101	92	10.00000E-01	-954.00000
101	93	10.00000E-01	-954.00000
101	94	10.00000E-01	-954.00000
101	95	10.00000E-01	-954.00000
101	96	10.00000E-01	-954.00000
101	97	10.00000E-01	-954.00000
101	98	10.00000E-01	-954.00000
101	99	10.00000E-01	-954.00000
101     100	10.00000E-01	-954.00000
101	101	10.00000E-01	-954.00000
101	102	10.00000E-01	-954.00000
101	103	10.00000E-01	-954.00000
101	104	10.00000E-01	-954.00000
101	105	10.00000E-01	-954.00000
101	106	10.00000E-01	-954.00000
101	107	10.00000E-01	-954.00000
101	108	10.00000E-01	-954.00000
101	109	10.00000E-01	-954.00000
101	110	10.00000E-01	-954.00000
101	111	10.00000E-01	-954.00000
101	112	10.00000E-01	-954.00000
101	113	10.00000E-01	-954.00000
101	114	10.00000E-01	-954.00000
101	115	10.00000E-01	-954.00000
101	116	10.00000E-01	-954.00000
#
#Layer 2
102     1	10.00000E-01	-953.00000
102	2	10.00000E-01	-953.00000
102	3	10.00000E-01	-953.00000
102	4	10.00000E-01	-953.00000
102	5	10.00000E-01	-953.00000
102	6	10.00000E-01	-953.00000
102	7	10.00000E-01	-953.00000
102	8	10.00000E-01	-953.00000
102	9	10.00000E-01	-953.00000
102     10	10.00000E-01	-953.00000
102	11	10.00000E-01	-953.00000
102	12	10.00000E-01	-953.00000
102	13 	10.00000E-01	-953.00000
102	14	10.00000E-01	-953.00000
102	15	10.00000E-01	-953.00000
102	16	10.00000E-01	-953.00000
102	17	10.00000E-01	-953.00000
102	18	10.00000E-01	-953.00000
102	19	10.00000E-01	-953.00000
102	20	10.00000E-01	-953.00000
102	21	10.00000E-01	-953.00000
102	22	10.00000E-01	-953.00000
102	23	10.00000E-01	-953.00000
102	24	10.00000E-01	-953.00000
102	25	10.00000E-01	-953.00000
102	26	10.00000E-01	-953.00000
102	27	10.00000E-01	-953.00000
102	28	10.00000E-01	-953.00000
102	29	10.00000E-01	-953.00000
102	30	10.00000E-01	-953.00000
102	31	10.00000E-01	-953.00000
102	32	10.00000E-01	-953.00000
102	33	10.00000E-01	-953.00000
102	34	10.00000E-01	-953.00000
102	35	10.00000E-01	-953.00000
102	36	10.00000E-01	-953.00000
102	37	10.00000E-01	-953.00000
102	38	10.00000E-01	-953.00000
102	39	10.00000E-01	-953.00000
102	40	10.00000E-01	-953.00000
102	41	10.00000E-01	-953.00000
102	42	10.00000E-01	-953.00000
102	43	10.00000E-01	-953.00000
102	44	10.00000E-01	-953.00000
102	45 	10.00000E-01	-953.00000
102	46	10.00000E-01	-953.00000
102	47	10.00000E-01	-953.00000
102	48	10.00000E-01	-953.00000
102	49	10.00000E-01	-953.00000
102	50	10.00000E-01	-953.00000
102	51	10.00000E-01	-953.00000
102	52	10.00000E-01	-953.00000
102	53	10.00000E-01	-953.00000
102	54	10.00000E-01	-953.00000
102	55	10.00000E-01	-953.00000
102	56	10.00000E-01	-953.00000
102	57	10.00000E-01	-953.00000
102	58	10.00000E-01	-953.00000
102	59	10.00000E-01	-953.00000
102	60	10.00000E-01	-953.00000
102	61	10.00000E-01	-953.00000
102	62	10.00000E-01	-953.00000
102	63	10.00000E-01	-953.00000
102	64	10.00000E-01	-953.00000
102	65	10.00000E-01	-953.00000
102	66	10.00000E-01	-953.00000
102	67	10.00000E-01	-953.00000
102	68	10.00000E-01	-953.00000
102	69	10.00000E-01	-953.00000
102	70	10.00000E-01	-953.00000
102	71	10.00000E-01	-953.00000
102	72	10.00000E-01	-953.00000
102	73	10.00000E-01	-953.00000
102	74	10.00000E-01	-953.00000
102	75	10.00000E-01	-953.00000
102	76	10.00000E-01	-953.00000
102	77 	10.00000E-01	-953.00000
102	78	10.00000E-01	-953.00000
102	79	10.00000E-01	-953.00000
102	80	10.00000E-01	-953.00000
102	81	10.00000E-01	-953.00000
102	82	10.00000E-01	-953.00000
102	83	10.00000E-01	-953.00000
102	84	10.00000E-01	-953.00000
102	85	10.00000E-01	-953.00000
102	86	10.00000E-01	-953.00000
102	87	10.00000E-01	-953.00000
102	88	10.00000E-01	-953.00000
102	89	10.00000E-01	-953.00000
102	90	10.00000E-01	-953.00000
102	91	10.00000E-01	-953.00000
102	92	10.00000E-01	-953.00000
102	93	10.00000E-01	-953.00000
102	94	10.00000E-01	-953.00000
102	95	10.00000E-01	-953.00000
102	96	10.00000E-01	-953.00000
102	97	10.00000E-01	-953.00000
102	98	10.00000E-01	-953.00000
102	99	10.00000E-01	-953.00000
102     100	10.00000E-01	-953.00000
102	101	10.00000E-01	-953.00000
102	102	10.00000E-01	-953.00000
102	103	10.00000E-01	-953.00000
102	104	10.00000E-01	-953.00000
102	105	10.00000E-01	-953.00000
102	106	10.00000E-01	-953.00000
102	107	10.00000E-01	-953.00000
102	108	10.00000E-01	-953.00000
102	109	10.00000E-01	-953.00000
102	110	10.00000E-01	-953.00000
102	111	10.00000E-01	-953.00000
102	112	10.00000E-01	-953.00000
102	113	10.00000E-01	-953.00000
102	114	10.00000E-01	-953.00000
102	115	10.00000E-01	-953.00000
102	116	10.00000E-01	-953.00000
#
#Layer 3
103     1	10.00000E-01	-953.000000
103	2	10.00000E-01	-953.000000
103	3	10.00000E-01	-953.000000
103	4	10.00000E-01	-953.000000
103	5	10.00000E-01	-953.000000
103	6	10.00000E-01	-953.000000
103	7	10.00000E-01	-953.000000
103	8	10.00000E-01	-953.000000
103	9	10.00000E-01	-953.000000
103     10	10.00000E-01	-953.000000
103	11	10.00000E-01	-953.000000
103	12	10.00000E-01	-953.000000
103	13 	10.00000E-01	-953.000000
103	14	10.00000E-01	-953.000000
103	15	10.00000E-01	-953.000000
103	16	10.00000E-01	-953.000000
103	17	10.00000E-01	-953.000000
103	18	10.00000E-01	-953.000000
103	19	10.00000E-01	-953.000000
103	20	10.00000E-01	-953.000000
103	21	10.00000E-01	-953.000000
103	22	10.00000E-01	-953.000000
103	23	10.00000E-01	-953.000000
103	24	10.00000E-01	-953.000000
103	25	10.00000E-01	-953.000000
103	26	10.00000E-01	-953.000000
103	27	10.00000E-01	-953.000000
103	28	10.00000E-01	-953.000000
103	29	10.00000E-01	-953.000000
103	30	10.00000E-01	-953.000000
103	31	10.00000E-01	-953.000000
103	32	10.00000E-01	-953.000000
103	33	10.00000E-01	-953.000000
103	34	10.00000E-01	-953.000000
103	35	10.00000E-01	-953.000000
103	36	10.00000E-01	-953.000000
103	37	10.00000E-01	-953.000000
103	38	10.00000E-01	-953.000000
103	39	10.00000E-01	-953.000000
103	40	10.00000E-01	-953.000000
103	41	10.00000E-01	-953.000000
103	42	10.00000E-01	-953.000000
103	43	10.00000E-01	-953.000000
103	44	10.00000E-01	-953.000000
103	45 	10.00000E-01	-953.000000
103	46	10.00000E-01	-953.000000
103	47	10.00000E-01	-953.000000
103	48	10.00000E-01	-953.000000
103	49	10.00000E-01	-953.000000
103	50	10.00000E-01	-953.000000
103	51	10.00000E-01	-953.000000
103	52	10.00000E-01	-953.000000
103	53	10.00000E-01	-953.000000
103	54	10.00000E-01	-953.000000
103	55	10.00000E-01	-953.000000
103	56	10.00000E-01	-953.000000
103	57	10.00000E-01	-953.000000
103	58	10.00000E-01	-953.000000
103	59	10.00000E-01	-953.000000
103	60	10.00000E-01	-953.000000
103	61	10.00000E-01	-953.000000
103	62	10.00000E-01	-953.000000
103	63	10.00000E-01	-953.000000
103	64	10.00000E-01	-953.000000
103	65	10.00000E-01	-953.000000
103	66	10.00000E-01	-953.000000
103	67	10.00000E-01	-953.000000
103	68	10.00000E-01	-953.000000
103	69	10.00000E-01	-953.000000
103	70	10.00000E-01	-953.000000
103	71	10.00000E-01	-953.000000
103	72	10.00000E-01	-953.000000
103	73	10.00000E-01	-953.000000
103	74	10.00000E-01	-953.000000
103	75	10.00000E-01	-953.000000
103	76	10.00000E-01	-953.000000
103	77 	10.00000E-01	-953.000000
103	78	10.00000E-01	-953.000000
103	79	10.00000E-01	-953.000000
103	80	10.00000E-01	-953.000000
103	81	10.00000E-01	-953.000000
103	82	10.00000E-01	-953.000000
103	83	10.00000E-01	-953.000000
103	84	10.00000E-01	-953.000000
103	85	10.00000E-01	-953.000000
103	86	10.00000E-01	-953.000000
103	87	10.00000E-01	-953.000000
103	88	10.00000E-01	-953.000000
103	89	10.00000E-01	-953.000000
103	90	10.00000E-01	-953.000000
103	91	10.00000E-01	-953.000000
103	92	10.00000E-01	-953.000000
103	93	10.00000E-01	-953.000000
103	94	10.00000E-01	-953.000000
103	95	10.00000E-01	-953.000000
103	96	10.00000E-01	-953.000000
103	97	10.00000E-01	-953.000000
103	98	10.00000E-01	-953.000000
103	99	10.00000E-01	-953.000000
103     100	10.00000E-01	-953.000000
103	101	10.00000E-01	-953.000000
103	102	10.00000E-01	-953.000000
103	103	10.00000E-01	-953.000000
103	104	10.00000E-01	-953.000000
103	105	10.00000E-01	-953.000000
103	106	10.00000E-01	-953.000000
103	107	10.00000E-01	-953.000000
103	108	10.00000E-01	-953.000000
103	109	10.00000E-01	-953.000000
#
#Layer 4
104     1	10.00000E-01	-954.000000
104	2	10.00000E-01	-954.000000
104	3	10.00000E-01	-954.000000
104	4	10.00000E-01	-954.000000
104	5	10.00000E-01	-954.000000
104	6	10.00000E-01	-954.000000
104	7	10.00000E-01	-954.000000
104	8	10.00000E-01	-954.000000
104	9	10.00000E-01	-954.000000
104     10	10.00000E-01	-954.000000
104	11	10.00000E-01	-954.000000
104	12	10.00000E-01	-954.000000
104	13 	10.00000E-01	-954.000000
104	14	10.00000E-01	-954.000000
104	15	10.00000E-01	-954.000000
104	16	10.00000E-01	-954.000000
104	17	10.00000E-01	-954.000000
104	18	10.00000E-01	-954.000000
104	19	10.00000E-01	-954.000000
104	20	10.00000E-01	-954.000000
104	21	10.00000E-01	-954.000000
104	22	10.00000E-01	-954.000000
104	23	10.00000E-01	-954.000000
104	24	10.00000E-01	-954.000000
104	25	10.00000E-01	-954.000000
104	26	10.00000E-01	-954.000000
104	27	10.00000E-01	-954.000000
104	28	10.00000E-01	-954.000000
104	29	10.00000E-01	-954.000000
104	30	10.00000E-01	-954.000000
104	31	10.00000E-01	-954.000000
104	32	10.00000E-01	-954.000000
104	33	10.00000E-01	-954.000000
104	34	10.00000E-01	-954.000000
104	35	10.00000E-01	-954.000000
104	36	10.00000E-01	-954.000000
104	37	10.00000E-01	-954.000000
104	38	10.00000E-01	-954.000000
104	39	10.00000E-01	-954.000000
104	40	10.00000E-01	-954.000000
104	41	10.00000E-01	-954.000000
104	42	10.00000E-01	-954.000000
104	43	10.00000E-01	-954.000000
104	44	10.00000E-01	-954.000000
104	45 	10.00000E-01	-954.000000
104	46	10.00000E-01	-954.000000
104	47	10.00000E-01	-954.000000
104	48	10.00000E-01	-954.000000
104	49	10.00000E-01	-954.000000
104	50	10.00000E-01	-954.000000
104	51	10.00000E-01	-954.000000
104	52	10.00000E-01	-954.000000
104	53	10.00000E-01	-954.000000
104	54	10.00000E-01	-954.000000
104	55	10.00000E-01	-954.000000
104	56	10.00000E-01	-954.000000
104	57	10.00000E-01	-954.000000
104	58	10.00000E-01	-954.000000
104	59	10.00000E-01	-954.000000
104	60	10.00000E-01	-954.000000
104	61	10.00000E-01	-954.000000
104	62	10.00000E-01	-954.000000
104	63	10.00000E-01	-954.000000
104	64	10.00000E-01	-954.000000
104	65	10.00000E-01	-954.000000
104	66	10.00000E-01	-954.000000
104	67	10.00000E-01	-954.000000
104	68	10.00000E-01	-954.000000
104	69	10.00000E-01	-954.000000
104	70	10.00000E-01	-954.000000
104	71	10.00000E-01	-954.000000
104	72	10.00000E-01	-954.000000
104	73	10.00000E-01	-954.000000
104	74	10.00000E-01	-954.000000
104	75	10.00000E-01	-954.000000
104	76	10.00000E-01	-954.000000
104	77 	10.00000E-01	-954.000000
104	78	10.00000E-01	-954.000000
104	79	10.00000E-01	-954.000000
104	80	10.00000E-01	-954.000000
104	81	10.00000E-01	-954.000000
104	82	10.00000E-01	-954.000000
104	83	10.00000E-01	-954.000000
104	84	10.00000E-01	-954.000000
104	85	10.00000E-01	-954.000000
104	86	10.00000E-01	-954.000000
104	87	10.00000E-01	-954.000000
104	88	10.00000E-01	-954.000000
104	89	10.00000E-01	-954.000000
104	90	10.00000E-01	-954.000000
104	91	10.00000E-01	-954.000000
104	92	10.00000E-01	-954.000000
104	93	10.00000E-01	-954.000000
104	94	10.00000E-01	-954.000000
104	95	10.00000E-01	-954.000000
104	96	10.00000E-01	-954.000000
104	97	10.00000E-01	-954.000000
104	98	10.00000E-01	-954.000000
104	99	10.00000E-01	-954.000000
104     100	10.00000E-01	-954.000000
104	101	10.00000E-01	-954.000000
104	102	10.00000E-01	-954.000000
104	103	10.00000E-01	-954.000000
104	104	10.00000E-01	-954.000000
104	105	10.00000E-01	-954.000000
104	106	10.00000E-01	-954.000000
104	107	10.00000E-01	-954.000000
104	108	10.00000E-01	-954.000000
104	109	10.00000E-01	-954.000000
#
#Layer 5
105     1	10.00000E-01	-957.000000
105	2	10.00000E-01	-957.000000
105	3	10.00000E-01	-957.000000
105	4	10.00000E-01	-957.000000
105	5	10.00000E-01	-957.000000
105	6	10.00000E-01	-957.000000
105	7	10.00000E-01	-957.000000
105	8	10.00000E-01	-957.000000
105	9	10.00000E-01	-957.000000
105     10	10.00000E-01	-957.000000
105	11	10.00000E-01	-957.000000
105	12	10.00000E-01	-957.000000
105	13 	10.00000E-01	-957.000000
105	14	10.00000E-01	-957.000000
105	15	10.00000E-01	-957.000000
105	16	10.00000E-01	-957.000000
105	17	10.00000E-01	-957.000000
105	18	10.00000E-01	-957.000000
105	19	10.00000E-01	-957.000000
105	20	10.00000E-01	-957.000000
105	21	10.00000E-01	-957.000000
105	22	10.00000E-01	-957.000000
105	23	10.00000E-01	-957.000000
105	24	10.00000E-01	-957.000000
105	25	10.00000E-01	-957.000000
105	26	10.00000E-01	-957.000000
105	27	10.00000E-01	-957.000000
105	28	10.00000E-01	-957.000000
105	29	10.00000E-01	-957.000000
105	30	10.00000E-01	-957.000000
105	31	10.00000E-01	-957.000000
105	32	10.00000E-01	-957.000000
105	33	10.00000E-01	-957.000000
105	34	10.00000E-01	-957.000000
105	35	10.00000E-01	-957.000000
105	36	10.00000E-01	-957.000000
105	37	10.00000E-01	-957.000000
105	38	10.00000E-01	-957.000000
105	39	10.00000E-01	-957.000000
105	40	10.00000E-01	-957.000000
105	41	10.00000E-01	-957.000000
105	42	10.00000E-01	-957.000000
105	43	10.00000E-01	-957.000000
105	44	10.00000E-01	-957.000000
105	45 	10.00000E-01	-957.000000
105	46	10.00000E-01	-957.000000
105	47	10.00000E-01	-957.000000
105	48	10.00000E-01	-957.000000
105	49	10.00000E-01	-957.000000
105	50	10.00000E-01	-957.000000
105	51	10.00000E-01	-957.000000
105	52	10.00000E-01	-957.000000
105	53	10.00000E-01	-957.000000
105	54	10.00000E-01	-957.000000
105	55	10.00000E-01	-957.000000
105	56	10.00000E-01	-957.000000
105	57	10.00000E-01	-957.000000
105	58	10.00000E-01	-957.000000
105	59	10.00000E-01	-957.000000
105	60	10.00000E-01	-957.000000
105	61	10.00000E-01	-957.000000
105	62	10.00000E-01	-957.000000
105	63	10.00000E-01	-957.000000
105	64	10.00000E-01	-957.000000
105	65	10.00000E-01	-957.000000
105	66	10.00000E-01	-957.000000
105	67	10.00000E-01	-957.000000
105	68	10.00000E-01	-957.000000
105	69	10.00000E-01	-957.000000
105	70	10.00000E-01	-957.000000
105	71	10.00000E-01	-957.000000
105	72	10.00000E-01	-957.000000
105	73	10.00000E-01	-957.000000
105	74	10.00000E-01	-957.000000
105	75	10.00000E-01	-957.000000
105	76	10.00000E-01	-957.000000
105	77 	10.00000E-01	-957.000000
105	78	10.00000E-01	-957.000000
105	79	10.00000E-01	-957.000000
105	80	10.00000E-01	-957.000000
105	81	10.00000E-01	-957.000000
105	82	10.00000E-01	-957.000000
105	83	10.00000E-01	-957.000000
105	84	10.00000E-01	-957.000000
105	85	10.00000E-01	-957.000000
105	86	10.00000E-01	-957.000000
105	87	10.00000E-01	-957.000000
105	88	10.00000E-01	-957.000000
105	89	10.00000E-01	-957.000000
105	90	10.00000E-01	-957.000000
105	91	10.00000E-01	-957.000000
105	92	10.00000E-01	-957.000000
105	93	10.00000E-01	-957.000000
105	94	10.00000E-01	-957.000000
105	95	10.00000E-01	-957.000000
105	96	10.00000E-01	-957.000000
105	97	10.00000E-01	-957.000000
105	98	10.00000E-01	-957.000000
105	99	10.00000E-01	-957.000000
105     100	10.00000E-01	-957.000000
105	101	10.00000E-01	-957.000000
105	102	10.00000E-01	-957.000000
105	103	10.00000E-01	-957.000000
105	104	10.00000E-01	-957.000000
105	105	10.00000E-01	-957.000000
105	106	10.00000E-01	-957.000000
105	107	10.00000E-01	-957.000000
105	108	10.00000E-01	-957.000000
105	109	10.00000E-01	-957.000000
105	110	10.00000E-01	-957.000000
105	111	10.00000E-01	-957.000000
105	112	10.00000E-01	-957.000000
105	113	10.00000E-01	-957.000000
105	114	10.00000E-01	-957.000000
105	115	10.00000E-01	-957.000000
105	116	10.00000E-01	-957.000000
#
#Layer 6
106     1	10.00000E-01	-956.000000
106	2	10.00000E-01	-956.000000
106	3	10.00000E-01	-956.000000
106	4	10.00000E-01	-956.000000
106	5	10.00000E-01	-956.000000
106	6	10.00000E-01	-956.000000
106	7	10.00000E-01	-956.000000
106	8	10.00000E-01	-956.000000
106	9	10.00000E-01	-956.000000
106     10	10.00000E-01	-956.000000
106	11	10.00000E-01	-956.000000
106	12	10.00000E-01	-956.000000
106	13 	10.00000E-01	-956.000000
106	14	10.00000E-01	-956.000000
106	15	10.00000E-01	-956.000000
106	16	10.00000E-01	-956.000000
106	17	10.00000E-01	-956.000000
106	18	10.00000E-01	-956.000000
106	19	10.00000E-01	-956.000000
106	20	10.00000E-01	-956.000000
106	21	10.00000E-01	-956.000000
106	22	10.00000E-01	-956.000000
106	23	10.00000E-01	-956.000000
106	24	10.00000E-01	-956.000000
106	25	10.00000E-01	-956.000000
106	26	10.00000E-01	-956.000000
106	27	10.00000E-01	-956.000000
106	28	10.00000E-01	-956.000000
106	29	10.00000E-01	-956.000000
106	30	10.00000E-01	-956.000000
106	31	10.00000E-01	-956.000000
106	32	10.00000E-01	-956.000000
106	33	10.00000E-01	-956.000000
106	34	10.00000E-01	-956.000000
106	35	10.00000E-01	-956.000000
106	36	10.00000E-01	-956.000000
106	37	10.00000E-01	-956.000000
106	38	10.00000E-01	-956.000000
106	39	10.00000E-01	-956.000000
106	40	10.00000E-01	-956.000000
106	41	10.00000E-01	-956.000000
106	42	10.00000E-01	-956.000000
106	43	10.00000E-01	-956.000000
106	44	10.00000E-01	-956.000000
106	45 	10.00000E-01	-956.000000
106	46	10.00000E-01	-956.000000
106	47	10.00000E-01	-956.000000
106	48	10.00000E-01	-956.000000
106	49	10.00000E-01	-956.000000
106	50	10.00000E-01	-956.000000
106	51	10.00000E-01	-956.000000
106	52	10.00000E-01	-956.000000
106	53	10.00000E-01	-956.000000
106	54	10.00000E-01	-956.000000
106	55	10.00000E-01	-956.000000
106	56	10.00000E-01	-956.000000
106	57	10.00000E-01	-956.000000
106	58	10.00000E-01	-956.000000
106	59	10.00000E-01	-956.000000
106	60	10.00000E-01	-956.000000
106	61	10.00000E-01	-956.000000
106	62	10.00000E-01	-956.000000
106	63	10.00000E-01	-956.000000
106	64	10.00000E-01	-956.000000
106	65	10.00000E-01	-956.000000
106	66	10.00000E-01	-956.000000
106	67	10.00000E-01	-956.000000
106	68	10.00000E-01	-956.000000
106	69	10.00000E-01	-956.000000
106	70	10.00000E-01	-956.000000
106	71	10.00000E-01	-956.000000
106	72	10.00000E-01	-956.000000
106	73	10.00000E-01	-956.000000
106	74	10.00000E-01	-956.000000
106	75	10.00000E-01	-956.000000
106	76	10.00000E-01	-956.000000
106	77 	10.00000E-01	-956.000000
106	78	10.00000E-01	-956.000000
106	79	10.00000E-01	-956.000000
106	80	10.00000E-01	-956.000000
106	81	10.00000E-01	-956.000000
106	82	10.00000E-01	-956.000000
106	83	10.00000E-01	-956.000000
106	84	10.00000E-01	-956.000000
106	85	10.00000E-01	-956.000000
106	86	10.00000E-01	-956.000000
106	87	10.00000E-01	-956.000000
106	88	10.00000E-01	-956.000000
106	89	10.00000E-01	-956.000000
106	90	10.00000E-01	-956.000000
106	91	10.00000E-01	-956.000000
106	92	10.00000E-01	-956.000000
106	93	10.00000E-01	-956.000000
106	94	10.00000E-01	-956.000000
106	95	10.00000E-01	-956.000000
106	96	10.00000E-01	-956.000000
106	97	10.00000E-01	-956.000000
106	98	10.00000E-01	-956.000000
106	99	10.00000E-01	-956.000000
106     100	10.00000E-01	-956.000000
106	101	10.00000E-01	-956.000000
106	102	10.00000E-01	-956.000000
106	103	10.00000E-01	-956.000000
106	104	10.00000E-01	-956.000000
106	105	10.00000E-01	-956.000000
106	106	10.00000E-01	-956.000000
106	107	10.00000E-01	-956.000000
106	108	10.00000E-01	-956.000000
106	109	10.00000E-01	-956.000000
106	110	10.00000E-01	-956.000000
106	111	10.00000E-01	-956.000000
106	112	10.00000E-01	-956.000000
106	113	10.00000E-01	-956.000000
106	114	10.00000E-01	-956.000000
106	115	10.00000E-01	-956.000000
106	116	10.00000E-01	-956.000000
#
#Layer 7
107     1	10.00000E-01	-956.000000
107	2	10.00000E-01	-956.000000
107	3	10.00000E-01	-956.000000
107	4	10.00000E-01	-956.000000
107	5	10.00000E-01	-956.000000
107	6	10.00000E-01	-956.000000
107	7	10.00000E-01	-956.000000
107	8	10.00000E-01	-956.000000
107	9	10.00000E-01	-956.000000
107     10	10.00000E-01	-956.000000
107	11	10.00000E-01	-956.000000
107	12	10.00000E-01	-956.000000
107	13 	10.00000E-01	-956.000000
107	14	10.00000E-01	-956.000000
107	15	10.00000E-01	-956.000000
107	16	10.00000E-01	-956.000000
107	17	10.00000E-01	-956.000000
107	18	10.00000E-01	-956.000000
107	19	10.00000E-01	-956.000000
107	20	10.00000E-01	-956.000000
107	21	10.00000E-01	-956.000000
107	22	10.00000E-01	-956.000000
107	23	10.00000E-01	-956.000000
107	24	10.00000E-01	-956.000000
107	25	10.00000E-01	-956.000000
107	26	10.00000E-01	-956.000000
107	27	10.00000E-01	-956.000000
107	28	10.00000E-01	-956.000000
107	29	10.00000E-01	-956.000000
107	30	10.00000E-01	-956.000000
107	31	10.00000E-01	-956.000000
107	32	10.00000E-01	-956.000000
107	33	10.00000E-01	-956.000000
107	34	10.00000E-01	-956.000000
107	35	10.00000E-01	-956.000000
107	36	10.00000E-01	-956.000000
107	37	10.00000E-01	-956.000000
107	38	10.00000E-01	-956.000000
107	39	10.00000E-01	-956.000000
107	40	10.00000E-01	-956.000000
107	41	10.00000E-01	-956.000000
107	42	10.00000E-01	-956.000000
107	43	10.00000E-01	-956.000000
107	44	10.00000E-01	-956.000000
107	45 	10.00000E-01	-956.000000
107	46	10.00000E-01	-956.000000
107	47	10.00000E-01	-956.000000
107	48	10.00000E-01	-956.000000
107	49	10.00000E-01	-956.000000
107	50	10.00000E-01	-956.000000
107	51	10.00000E-01	-956.000000
107	52	10.00000E-01	-956.000000
107	53	10.00000E-01	-956.000000
107	54	10.00000E-01	-956.000000
107	55	10.00000E-01	-956.000000
107	56	10.00000E-01	-956.000000
107	57	10.00000E-01	-956.000000
107	58	10.00000E-01	-956.000000
107	59	10.00000E-01	-956.000000
107	60	10.00000E-01	-956.000000
107	61	10.00000E-01	-956.000000
107	62	10.00000E-01	-956.000000
107	63	10.00000E-01	-956.000000
107	64	10.00000E-01	-956.000000
107	65	10.00000E-01	-956.000000
107	66	10.00000E-01	-956.000000
107	67	10.00000E-01	-956.000000
107	68	10.00000E-01	-956.000000
107	69	10.00000E-01	-956.000000
107	70	10.00000E-01	-956.000000
107	71	10.00000E-01	-956.000000
107	72	10.00000E-01	-956.000000
107	73	10.00000E-01	-956.000000
107	74	10.00000E-01	-956.000000
107	75	10.00000E-01	-956.000000
107	76	10.00000E-01	-956.000000
107	77 	10.00000E-01	-956.000000
107	78	10.00000E-01	-956.000000
107	79	10.00000E-01	-956.000000
107	80	10.00000E-01	-956.000000
107	81	10.00000E-01	-956.000000
107	82	10.00000E-01	-956.000000
107	83	10.00000E-01	-956.000000
107	84	10.00000E-01	-956.000000
107	85	10.00000E-01	-956.000000
107	86	10.00000E-01	-956.000000
107	87	10.00000E-01	-956.000000
107	88	10.00000E-01	-956.000000
107	89	10.00000E-01	-956.000000
107	90	10.00000E-01	-956.000000
107	91	10.00000E-01	-956.000000
107	92	10.00000E-01	-956.000000
107	93	10.00000E-01	-956.000000
107	94	10.00000E-01	-956.000000
107	95	10.00000E-01	-956.000000
107	96	10.00000E-01	-956.000000
107	97	10.00000E-01	-956.000000
107	98	10.00000E-01	-956.000000
107	99	10.00000E-01	-956.000000
107     100	10.00000E-01	-956.000000
107	101	10.00000E-01	-956.000000
107	102	10.00000E-01	-956.000000
107	103	10.00000E-01	-956.000000
107	104	10.00000E-01	-956.000000
107	105	10.00000E-01	-956.000000
107	106	10.00000E-01	-956.000000
107	107	10.00000E-01	-956.000000
107	108	10.00000E-01	-956.000000
107	109	10.00000E-01	-956.000000
#
#Layer 8
108     1	10.00000E-01	-957.000000
108	2	10.00000E-01	-957.000000
108	3	10.00000E-01	-957.000000
108	4	10.00000E-01	-957.000000
108	5	10.00000E-01	-957.000000
108	6	10.00000E-01	-957.000000
108	7	10.00000E-01	-957.000000
108	8	10.00000E-01	-957.000000
108	9	10.00000E-01	-957.000000
108     10	10.00000E-01	-957.000000
108	11	10.00000E-01	-957.000000
108	12	10.00000E-01	-957.000000
108	13 	10.00000E-01	-957.000000
108	14	10.00000E-01	-957.000000
108	15	10.00000E-01	-957.000000
108	16	10.00000E-01	-957.000000
108	17	10.00000E-01	-957.000000
108	18	10.00000E-01	-957.000000
108	19	10.00000E-01	-957.000000
108	20	10.00000E-01	-957.000000
108	21	10.00000E-01	-957.000000
108	22	10.00000E-01	-957.000000
108	23	10.00000E-01	-957.000000
108	24	10.00000E-01	-957.000000
108	25	10.00000E-01	-957.000000
108	26	10.00000E-01	-957.000000
108	27	10.00000E-01	-957.000000
108	28	10.00000E-01	-957.000000
108	29	10.00000E-01	-957.000000
108	30	10.00000E-01	-957.000000
108	31	10.00000E-01	-957.000000
108	32	10.00000E-01	-957.000000
108	33	10.00000E-01	-957.000000
108	34	10.00000E-01	-957.000000
108	35	10.00000E-01	-957.000000
108	36	10.00000E-01	-957.000000
108	37	10.00000E-01	-957.000000
108	38	10.00000E-01	-957.000000
108	39	10.00000E-01	-957.000000
108	40	10.00000E-01	-957.000000
108	41	10.00000E-01	-957.000000
108	42	10.00000E-01	-957.000000
108	43	10.00000E-01	-957.000000
108	44	10.00000E-01	-957.000000
108	45 	10.00000E-01	-957.000000
108	46	10.00000E-01	-957.000000
108	47	10.00000E-01	-957.000000
108	48	10.00000E-01	-957.000000
108	49	10.00000E-01	-957.000000
108	50	10.00000E-01	-957.000000
108	51	10.00000E-01	-957.000000
108	52	10.00000E-01	-957.000000
108	53	10.00000E-01	-957.000000
108	54	10.00000E-01	-957.000000
108	55	10.00000E-01	-957.000000
108	56	10.00000E-01	-957.000000
108	57	10.00000E-01	-957.000000
108	58	10.00000E-01	-957.000000
108	59	10.00000E-01	-957.000000
108	60	10.00000E-01	-957.000000
108	61	10.00000E-01	-957.000000
108	62	10.00000E-01	-957.000000
108	63	10.00000E-01	-957.000000
108	64	10.00000E-01	-957.000000
108	65	10.00000E-01	-957.000000
108	66	10.00000E-01	-957.000000
108	67	10.00000E-01	-957.000000
108	68	10.00000E-01	-957.000000
108	69	10.00000E-01	-957.000000
108	70	10.00000E-01	-957.000000
108	71	10.00000E-01	-957.000000
108	72	10.00000E-01	-957.000000
108	73	10.00000E-01	-957.000000
108	74	10.00000E-01	-957.000000
108	75	10.00000E-01	-957.000000
108	76	10.00000E-01	-957.000000
108	77 	10.00000E-01	-957.000000
108	78	10.00000E-01	-957.000000
108	79	10.00000E-01	-957.000000
108	80	10.00000E-01	-957.000000
108	81	10.00000E-01	-957.000000
108	82	10.00000E-01	-957.000000
108	83	10.00000E-01	-957.000000
108	84	10.00000E-01	-957.000000
108	85	10.00000E-01	-957.000000
108	86	10.00000E-01	-957.000000
108	87	10.00000E-01	-957.000000
108	88	10.00000E-01	-957.000000
108	89	10.00000E-01	-957.000000
108	90	10.00000E-01	-957.000000
108	91	10.00000E-01	-957.000000
108	92	10.00000E-01	-957.000000
108	93	10.00000E-01	-957.000000
108	94	10.00000E-01	-957.000000
108	95	10.00000E-01	-957.000000
108	96	10.00000E-01	-957.000000
108	97	10.00000E-01	-957.000000
108	98	10.00000E-01	-957.000000
108	99	10.00000E-01	-957.000000
108     100	10.00000E-01	-957.000000
108	101	10.00000E-01	-957.000000
108	102	10.00000E-01	-957.000000
108	103	10.00000E-01	-957.000000
108	104	10.00000E-01	-957.000000
108	105	10.00000E-01	-957.000000
108	106	10.00000E-01	-957.000000
108	107	10.00000E-01	-957.000000
108	108	10.00000E-01	-957.000000
108	109	10.00000E-01	-957.000000
#
################################################################################################
#KLDC
#Layer 1
201     1	10.00000E-01	-956.00000
201	2	10.00000E-01	-956.00000
201	3	10.00000E-01	-956.00000
201	4	10.00000E-01	-956.00000
201	5	10.00000E-01	-956.00000
201	6	10.00000E-01	-956.00000
201	7	10.00000E-01	-956.00000
201	8	10.00000E-01	-956.00000
201	9	10.00000E-01	-956.00000
201     10	10.00000E-01	-956.00000
201	11	10.00000E-01	-956.00000
201	12	10.00000E-01	-956.00000
201	13 	10.00000E-01	-956.00000
201	14	10.00000E-01	-956.00000
201	15	10.00000E-01	-956.00000
201	16	10.00000E-01	-956.00000
201	17	10.00000E-01	-956.00000
201	18	10.00000E-01	-956.00000
201	19	10.00000E-01	-956.00000
201	20	10.00000E-01	-956.00000
201	21	10.00000E-01	-956.00000
201	22	10.00000E-01	-956.00000
201	23	10.00000E-01	-956.00000
201	24	10.00000E-01	-956.00000
201	25	10.00000E-01	-956.00000
201	26	10.00000E-01	-956.00000
201	27	10.00000E-01	-956.00000
201	28	10.00000E-01	-956.00000
201	29	10.00000E-01	-956.00000
201	30	10.00000E-01	-956.00000
201	31	10.00000E-01	-956.00000
201	32	10.00000E-01	-956.00000
201	33	10.00000E-01	-956.00000
201	34	10.00000E-01	-956.00000
201	35	10.00000E-01	-956.00000
201	36	10.00000E-01	-956.00000
201	37	10.00000E-01	-956.00000
201	38	10.00000E-01	-956.00000
201	39	10.00000E-01	-956.00000
201	40	10.00000E-01	-956.00000
201	41	10.00000E-01	-956.00000
201	42	10.00000E-01	-956.00000
201	43	10.00000E-01	-956.00000
201	44	10.00000E-01	-956.00000
201	45 	10.00000E-01	-956.00000
201	46	10.00000E-01	-956.00000
201	47	10.00000E-01	-956.00000
201	48	10.00000E-01	-956.00000
201	49	10.00000E-01	-956.00000
201	50	10.00000E-01	-956.00000
201	51	10.00000E-01	-956.00000
201	52	10.00000E-01	-956.00000
201	53	10.00000E-01	-956.00000
201	54	10.00000E-01	-956.00000
201	55	10.00000E-01	-956.00000
201	56	10.00000E-01	-956.00000
201	57	10.00000E-01	-956.00000
201	58	10.00000E-01	-956.00000
201	59	10.00000E-01	-956.00000
201	60	10.00000E-01	-956.00000
201	61	10.00000E-01	-956.00000
201	62	10.00000E-01	-956.00000
201	63	10.00000E-01	-956.00000
201	64	10.00000E-01	-956.00000
201	65	10.00000E-01	-956.00000
201	66	10.00000E-01	-956.00000
201	67	10.00000E-01	-956.00000
201	68	10.00000E-01	-956.00000
201	69	10.00000E-01	-956.00000
201	70	10.00000E-01	-956.00000
201	71	10.00000E-01	-956.00000
201	72	10.00000E-01	-956.00000
201	73	10.00000E-01	-956.00000
201	74	10.00000E-01	-956.00000
201	75	10.00000E-01	-956.00000
201	76	10.00000E-01	-956.00000
201	77 	10.00000E-01	-956.00000
201	78	10.00000E-01	-956.00000
201	79	10.00000E-01	-956.00000
201	80	10.00000E-01	-956.00000
201	81	10.00000E-01	-956.00000
201	82	10.00000E-01	-956.00000
201	83	10.00000E-01	-956.00000
201	84	10.00000E-01	-956.00000
201	85	10.00000E-01	-956.00000
201	86	10.00000E-01	-956.00000
201	87	10.00000E-01	-956.00000
201	88	10.00000E-01	-956.00000
201	89	10.00000E-01	-956.00000
201	90	10.00000E-01	-956.00000
201	91	10.00000E-01	-956.00000
201	92	10.00000E-01	-956.00000
201	93	10.00000E-01	-956.00000
201	94	10.00000E-01	-956.00000
201	95	10.00000E-01	-956.00000
201	96	10.00000E-01	-956.00000
201	97	10.00000E-01	-956.00000
201	98	10.00000E-01	-956.00000
201	99	10.00000E-01	-956.00000
201     100	10.00000E-01	-956.00000
201	101	10.00000E-01	-956.00000
201	102	10.00000E-01	-956.00000
201	103	10.00000E-01	-956.00000
201	104	10.00000E-01	-956.00000
201	105	10.00000E-01	-956.00000
201	106	10.00000E-01	-956.00000
201	107	10.00000E-01	-956.00000
201	108	10.00000E-01	-956.00000
201	109	10.00000E-01	-956.00000
201	110	10.00000E-01	-956.00000
201	111	10.00000E-01	-956.00000
201	112	10.00000E-01	-956.00000
201	113	10.00000E-01	-956.00000
201	114	10.00000E-01	-956.00000
201	115	10.00000E-01	-956.00000
201	116	10.00000E-01	-956.00000
201	117	10.00000E-01	-956.00000
201	118	10.00000E-01	-956.00000
201	119	10.00000E-01	-956.00000
201	120	10.00000E-01	-956.00000
201	121	10.00000E-01	-956.00000
201	122	10.00000E-01	-956.00000
201	123	10.00000E-01	-956.00000
201	124	10.00000E-01	-956.00000
201	125	10.00000E-01	-956.00000
201	126	10.00000E-01	-956.00000
201	127	10.00000E-01	-956.00000
201	128	10.00000E-01	-956.00000
#
#Layer 2
202     1	10.00000E-01	-956.00000
202	2	10.00000E-01	-956.00000
202	3	10.00000E-01	-956.00000
202	4	10.00000E-01	-956.00000
202	5	10.00000E-01	-956.00000
202	6	10.00000E-01	-956.00000
202	7	10.00000E-01	-956.00000
202	8	10.00000E-01	-956.00000
202	9	10.00000E-01	-956.00000
202     10	10.00000E-01	-956.00000
202	11	10.00000E-01	-956.00000
202	12	10.00000E-01	-956.00000
202	13 	10.00000E-01	-956.00000
202	14	10.00000E-01	-956.00000
202	15	10.00000E-01	-956.00000
202	16	10.00000E-01	-956.00000
202	17	10.00000E-01	-956.00000
202	18	10.00000E-01	-956.00000
202	19	10.00000E-01	-956.00000
202	20	10.00000E-01	-956.00000
202	21	10.00000E-01	-956.00000
202	22	10.00000E-01	-956.00000
202	23	10.00000E-01	-956.00000
202	24	10.00000E-01	-956.00000
202	25	10.00000E-01	-956.00000
202	26	10.00000E-01	-956.00000
202	27	10.00000E-01	-956.00000
202	28	10.00000E-01	-956.00000
202	29	10.00000E-01	-956.00000
202	30	10.00000E-01	-956.00000
202	31	10.00000E-01	-956.00000
202	32	10.00000E-01	-956.00000
202	33	10.00000E-01	-956.00000
202	34	10.00000E-01	-956.00000
202	35	10.00000E-01	-956.00000
202	36	10.00000E-01	-956.00000
202	37	10.00000E-01	-956.00000
202	38	10.00000E-01	-956.00000
202	39	10.00000E-01	-956.00000
202	40	10.00000E-01	-956.00000
202	41	10.00000E-01	-956.00000
202	42	10.00000E-01	-956.00000
202	43	10.00000E-01	-956.00000
202	44	10.00000E-01	-956.00000
202	45 	10.00000E-01	-956.00000
202	46	10.00000E-01	-956.00000
202	47	10.00000E-01	-956.00000
202	48	10.00000E-01	-956.00000
202	49	10.00000E-01	-956.00000
202	50	10.00000E-01	-956.00000
202	51	10.00000E-01	-956.00000
202	52	10.00000E-01	-956.00000
202	53	10.00000E-01	-956.00000
202	54	10.00000E-01	-956.00000
202	55	10.00000E-01	-956.00000
202	56	10.00000E-01	-956.00000
202	57	10.00000E-01	-956.00000
202	58	10.00000E-01	-956.00000
202	59	10.00000E-01	-956.00000
202	60	10.00000E-01	-956.00000
202	61	10.00000E-01	-956.00000
202	62	10.00000E-01	-956.00000
202	63	10.00000E-01	-956.00000
202	64	10.00000E-01	-956.00000
202	65	10.00000E-01	-956.00000
202	66	10.00000E-01	-956.00000
202	67	10.00000E-01	-956.00000
202	68	10.00000E-01	-956.00000
202	69	10.00000E-01	-956.00000
202	70	10.00000E-01	-956.00000
202	71	10.00000E-01	-956.00000
202	72	10.00000E-01	-956.00000
202	73	10.00000E-01	-956.00000
202	74	10.00000E-01	-956.00000
202	75	10.00000E-01	-956.00000
202	76	10.00000E-01	-956.00000
202	77 	10.00000E-01	-956.00000
202	78	10.00000E-01	-956.00000
202	79	10.00000E-01	-956.00000
202	80	10.00000E-01	-956.00000
202	81	10.00000E-01	-956.00000
202	82	10.00000E-01	-956.00000
202	83	10.00000E-01	-956.00000
202	84	10.00000E-01	-956.00000
202	85	10.00000E-01	-956.00000
202	86	10.00000E-01	-956.00000
202	87	10.00000E-01	-956.00000
202	88	10.00000E-01	-956.00000
202	89	10.00000E-01	-956.00000
202	90	10.00000E-01	-956.00000
202	91	10.00000E-01	-956.00000
202	92	10.00000E-01	-956.00000
202	93	10.00000E-01	-956.00000
202	94	10.00000E-01	-956.00000
202	95	10.00000E-01	-956.00000
202	96	10.00000E-01	-956.00000
202	97	10.00000E-01	-956.00000
202	98	10.00000E-01	-956.00000
202	99	10.00000E-01	-956.00000
202     100	10.00000E-01	-956.00000
202	101	10.00000E-01	-956.00000
202	102	10.00000E-01	-956.00000
202	103	10.00000E-01	-956.00000
202	104	10.00000E-01	-956.00000
202	105	10.00000E-01	-956.00000
202	106	10.00000E-01	-956.00000
202	107	10.00000E-01	-956.00000
202	108	10.00000E-01	-956.00000
202	109	10.00000E-01	-956.00000
202	110	10.00000E-01	-956.00000
202	111	10.00000E-01	-956.00000
202	112	10.00000E-01	-956.00000
202	113	10.00000E-01	-956.00000
202	114	10.00000E-01	-956.00000
202	115	10.00000E-01	-956.00000
202	116	10.00000E-01	-956.00000
202	117	10.00000E-01	-956.00000
202	118	10.00000E-01	-956.00000
202	119	10.00000E-01	-956.00000
202	120	10.00000E-01	-956.00000
202	121	10.00000E-01	-956.00000
202	122	10.00000E-01	-956.00000
202	123	10.00000E-01	-956.00000
202	124	10.00000E-01	-956.00000
202	125	10.00000E-01	-956.00000
202	126	10.00000E-01	-956.00000
202	127	10.00000E-01	-956.00000
202	128	10.00000E-01	-956.00000
#
#Layer 3
203     1	10.00000E-01	-957.000000
203	2	10.00000E-01	-957.000000
203	3	10.00000E-01	-957.000000
203	4	10.00000E-01	-957.000000
203	5	10.00000E-01	-957.000000
203	6	10.00000E-01	-957.000000
203	7	10.00000E-01	-957.000000
203	8	10.00000E-01	-957.000000
203	9	10.00000E-01	-957.000000
203     10	10.00000E-01	-957.000000
203	11	10.00000E-01	-957.000000
203	12	10.00000E-01	-957.000000
203	13 	10.00000E-01	-957.000000
203	14	10.00000E-01	-957.000000
203	15	10.00000E-01	-957.000000
203	16	10.00000E-01	-957.000000
203	17	10.00000E-01	-957.000000
203	18	10.00000E-01	-957.000000
203	19	10.00000E-01	-957.000000
203	20	10.00000E-01	-957.000000
203	21	10.00000E-01	-957.000000
203	22	10.00000E-01	-957.000000
203	23	10.00000E-01	-957.000000
203	24	10.00000E-01	-957.000000
203	25	10.00000E-01	-957.000000
203	26	10.00000E-01	-957.000000
203	27	10.00000E-01	-957.000000
203	28	10.00000E-01	-957.000000
203	29	10.00000E-01	-957.000000
203	30	10.00000E-01	-957.000000
203	31	10.00000E-01	-957.000000
203	32	10.00000E-01	-957.000000
203	33	10.00000E-01	-957.000000
203	34	10.00000E-01	-957.000000
203	35	10.00000E-01	-957.000000
203	36	10.00000E-01	-957.000000
203	37	10.00000E-01	-957.000000
203	38	10.00000E-01	-957.000000
203	39	10.00000E-01	-957.000000
203	40	10.00000E-01	-957.000000
203	41	10.00000E-01	-957.000000
203	42	10.00000E-01	-957.000000
203	43	10.00000E-01	-957.000000
203	44	10.00000E-01	-957.000000
203	45 	10.00000E-01	-957.000000
203	46	10.00000E-01	-957.000000
203	47	10.00000E-01	-957.000000
203	48	10.00000E-01	-957.000000
203	49	10.00000E-01	-957.000000
203	50	10.00000E-01	-957.000000
203	51	10.00000E-01	-957.000000
203	52	10.00000E-01	-957.000000
203	53	10.00000E-01	-957.000000
203	54	10.00000E-01	-957.000000
203	55	10.00000E-01	-957.000000
203	56	10.00000E-01	-957.000000
203	57	10.00000E-01	-957.000000
203	58	10.00000E-01	-957.000000
203	59	10.00000E-01	-957.000000
203	60	10.00000E-01	-957.000000
203	61	10.00000E-01	-957.000000
203	62	10.00000E-01	-957.000000
203	63	10.00000E-01	-957.000000
203	64	10.00000E-01	-957.000000
203	65	10.00000E-01	-957.000000
203	66	10.00000E-01	-957.000000
203	67	10.00000E-01	-957.000000
203	68	10.00000E-01	-957.000000
203	69	10.00000E-01	-957.000000
203	70	10.00000E-01	-957.000000
203	71	10.00000E-01	-957.000000
203	72	10.00000E-01	-957.000000
203	73	10.00000E-01	-957.000000
203	74	10.00000E-01	-957.000000
203	75	10.00000E-01	-957.000000
203	76	10.00000E-01	-957.000000
203	77 	10.00000E-01	-957.000000
203	78	10.00000E-01	-957.000000
203	79	10.00000E-01	-957.000000
203	80	10.00000E-01	-957.000000
203	81	10.00000E-01	-957.000000
203	82	10.00000E-01	-957.000000
203	83	10.00000E-01	-957.000000
203	84	10.00000E-01	-957.000000
203	85	10.00000E-01	-957.000000
203	86	10.00000E-01	-957.000000
203	87	10.00000E-01	-957.000000
203	88	10.00000E-01	-957.000000
203	89	10.00000E-01	-957.000000
203	90	10.00000E-01	-957.000000
203	91	10.00000E-01	-957.000000
203	92	10.00000E-01	-957.000000
203	93	10.00000E-01	-957.000000
203	94	10.00000E-01	-957.000000
203	95	10.00000E-01	-957.000000
203	96	10.00000E-01	-957.000000
203	97	10.00000E-01	-957.000000
203	98	10.00000E-01	-957.000000
203	99	10.00000E-01	-957.000000
203     100	10.00000E-01	-957.000000
203	101	10.00000E-01	-957.000000
203	102	10.00000E-01	-957.000000
203	103	10.00000E-01	-957.000000
203	104	10.00000E-01	-957.000000
203	105	10.00000E-01	-957.000000
203	106	10.00000E-01	-957.000000
203	107	10.00000E-01	-957.000000
203	108	10.00000E-01	-957.000000
203	109	10.00000E-01	-957.000000
203	110	10.00000E-01	-957.000000
203	111	10.00000E-01	-957.000000
203	112	10.00000E-01	-957.000000
203	113	10.00000E-01	-957.000000
203	114	10.00000E-01	-957.000000
203	115	10.00000E-01	-957.000000
203	116	10.00000E-01	-957.000000
203	117	10.00000E-01	-957.000000
203	118	10.00000E-01	-957.000000
203	119	10.00000E-01	-957.000000
203	120	10.00000E-01	-957.000000
203	121	10.00000E-01	-957.000000
203	122	10.00000E-01	-957.000000
203	123	10.00000E-01	-957.000000
203	124	10.00000E-01	-957.000000
203	125	10.00000E-01	-957.000000
203	126	10.00000E-01	-957.000000
203	127	10.00000E-01	-957.000000
203	128	10.00000E-01	-957.000000
#
#Layer 4
204     1	10.00000E-01	-957.000000
204	2	10.00000E-01	-957.000000
204	3	10.00000E-01	-957.000000
204	4	10.00000E-01	-957.000000
204	5	10.00000E-01	-957.000000
204	6	10.00000E-01	-957.000000
204	7	10.00000E-01	-957.000000
204	8	10.00000E-01	-957.000000
204	9	10.00000E-01	-957.000000
204     10	10.00000E-01	-957.000000
204	11	10.00000E-01	-957.000000
204	12	10.00000E-01	-957.000000
204	13 	10.00000E-01	-957.000000
204	14	10.00000E-01	-957.000000
204	15	10.00000E-01	-957.000000
204	16	10.00000E-01	-957.000000
204	17	10.00000E-01	-957.000000
204	18	10.00000E-01	-957.000000
204	19	10.00000E-01	-957.000000
204	20	10.00000E-01	-957.000000
204	21	10.00000E-01	-957.000000
204	22	10.00000E-01	-957.000000
204	23	10.00000E-01	-957.000000
204	24	10.00000E-01	-957.000000
204	25	10.00000E-01	-957.000000
204	26	10.00000E-01	-957.000000
204	27	10.00000E-01	-957.000000
204	28	10.00000E-01	-957.000000
204	29	10.00000E-01	-957.000000
204	30	10.00000E-01	-957.000000
204	31	10.00000E-01	-957.000000
204	32	10.00000E-01	-957.000000
204	33	10.00000E-01	-957.000000
204	34	10.00000E-01	-957.000000
204	35	10.00000E-01	-957.000000
204	36	10.00000E-01	-957.000000
204	37	10.00000E-01	-957.000000
204	38	10.00000E-01	-957.000000
204	39	10.00000E-01	-957.000000
204	40	10.00000E-01	-957.000000
204	41	10.00000E-01	-957.000000
204	42	10.00000E-01	-957.000000
204	43	10.00000E-01	-957.000000
204	44	10.00000E-01	-957.000000
204	45 	10.00000E-01	-957.000000
204	46	10.00000E-01	-957.000000
204	47	10.00000E-01	-957.000000
204	48	10.00000E-01	-957.000000
204	49	10.00000E-01	-957.000000
204	50	10.00000E-01	-957.000000
204	51	10.00000E-01	-957.000000
204	52	10.00000E-01	-957.000000
204	53	10.00000E-01	-957.000000
204	54	10.00000E-01	-957.000000
204	55	10.00000E-01	-957.000000
204	56	10.00000E-01	-957.000000
204	57	10.00000E-01	-957.000000
204	58	10.00000E-01	-957.000000
204	59	10.00000E-01	-957.000000
204	60	10.00000E-01	-957.000000
204	61	10.00000E-01	-957.000000
204	62	10.00000E-01	-957.000000
204	63	10.00000E-01	-957.000000
204	64	10.00000E-01	-957.000000
204	65	10.00000E-01	-957.000000
204	66	10.00000E-01	-957.000000
204	67	10.00000E-01	-957.000000
204	68	10.00000E-01	-957.000000
204	69	10.00000E-01	-957.000000
204	70	10.00000E-01	-957.000000
204	71	10.00000E-01	-957.000000
204	72	10.00000E-01	-957.000000
204	73	10.00000E-01	-957.000000
204	74	10.00000E-01	-957.000000
204	75	10.00000E-01	-957.000000
204	76	10.00000E-01	-957.000000
204	77 	10.00000E-01	-957.000000
204	78	10.00000E-01	-957.000000
204	79	10.00000E-01	-957.000000
204	80	10.00000E-01	-957.000000
204	81	10.00000E-01	-957.000000
204	82	10.00000E-01	-957.000000
204	83	10.00000E-01	-957.000000
204	84	10.00000E-01	-957.000000
204	85	10.00000E-01	-957.000000
204	86	10.00000E-01	-957.000000
204	87	10.00000E-01	-957.000000
204	88	10.00000E-01	-957.000000
204	89	10.00000E-01	-957.000000
204	90	10.00000E-01	-957.000000
204	91	10.00000E-01	-957.000000
204	92	10.00000E-01	-957.000000
204	93	10.00000E-01	-957.000000
204	94	10.00000E-01	-957.000000
204	95	10.00000E-01	-957.000000
204	96	10.00000E-01	-957.000000
204	97	10.00000E-01	-957.000000
204	98	10.00000E-01	-957.000000
204	99	10.00000E-01	-957.000000
204     100	10.00000E-01	-957.000000
204	101	10.00000E-01	-957.000000
204	102	10.00000E-01	-957.000000
204	103	10.00000E-01	-957.000000
204	104	10.00000E-01	-957.000000
204	105	10.00000E-01	-957.000000
204	106	10.00000E-01	-957.000000
204	107	10.00000E-01	-957.000000
204	108	10.00000E-01	-957.000000
204	109	10.00000E-01	-957.000000
204	110	10.00000E-01	-957.000000
204	111	10.00000E-01	-957.000000
204	112	10.00000E-01	-957.000000
204	113	10.00000E-01	-957.000000
204	114	10.00000E-01	-957.000000
204	115	10.00000E-01	-957.000000
204	116	10.00000E-01	-957.000000
204	117	10.00000E-01	-957.000000
204	118	10.00000E-01	-957.000000
204	119	10.00000E-01	-957.000000
204	120	10.00000E-01	-957.000000
204	121	10.00000E-01	-957.000000
204	122	10.00000E-01	-957.000000
204	123	10.00000E-01	-957.000000
204	124	10.00000E-01	-957.000000
204	125	10.00000E-01	-957.000000
204	126	10.00000E-01	-957.000000
204	127	10.00000E-01	-957.000000
204	128	10.00000E-01	-957.000000
#
#Layer 5
205     1	10.00000E-01	-957.000000
205	2	10.00000E-01	-957.000000
205	3	10.00000E-01	-957.000000
205	4	10.00000E-01	-957.000000
205	5	10.00000E-01	-957.000000
205	6	10.00000E-01	-957.000000
205	7	10.00000E-01	-957.000000
205	8	10.00000E-01	-957.000000
205	9	10.00000E-01	-957.000000
205     10	10.00000E-01	-957.000000
205	11	10.00000E-01	-957.000000
205	12	10.00000E-01	-957.000000
205	13 	10.00000E-01	-957.000000
205	14	10.00000E-01	-957.000000
205	15	10.00000E-01	-957.000000
205	16	10.00000E-01	-957.000000
205	17	10.00000E-01	-957.000000
205	18	10.00000E-01	-957.000000
205	19	10.00000E-01	-957.000000
205	20	10.00000E-01	-957.000000
205	21	10.00000E-01	-957.000000
205	22	10.00000E-01	-957.000000
205	23	10.00000E-01	-957.000000
205	24	10.00000E-01	-957.000000
205	25	10.00000E-01	-957.000000
205	26	10.00000E-01	-957.000000
205	27	10.00000E-01	-957.000000
205	28	10.00000E-01	-957.000000
205	29	10.00000E-01	-957.000000
205	30	10.00000E-01	-957.000000
205	31	10.00000E-01	-957.000000
205	32	10.00000E-01	-957.000000
205	33	10.00000E-01	-957.000000
205	34	10.00000E-01	-957.000000
205	35	10.00000E-01	-957.000000
205	36	10.00000E-01	-957.000000
205	37	10.00000E-01	-957.000000
205	38	10.00000E-01	-957.000000
205	39	10.00000E-01	-957.000000
205	40	10.00000E-01	-957.000000
205	41	10.00000E-01	-957.000000
205	42	10.00000E-01	-957.000000
205	43	10.00000E-01	-957.000000
205	44	10.00000E-01	-957.000000
205	45 	10.00000E-01	-957.000000
205	46	10.00000E-01	-957.000000
205	47	10.00000E-01	-957.000000
205	48	10.00000E-01	-957.000000
205	49	10.00000E-01	-957.000000
205	50	10.00000E-01	-957.000000
205	51	10.00000E-01	-957.000000
205	52	10.00000E-01	-957.000000
205	53	10.00000E-01	-957.000000
205	54	10.00000E-01	-957.000000
205	55	10.00000E-01	-957.000000
205	56	10.00000E-01	-957.000000
205	57	10.00000E-01	-957.000000
205	58	10.00000E-01	-957.000000
205	59	10.00000E-01	-957.000000
205	60	10.00000E-01	-957.000000
205	61	10.00000E-01	-957.000000
205	62	10.00000E-01	-957.000000
205	63	10.00000E-01	-957.000000
205	64	10.00000E-01	-957.000000
205	65	10.00000E-01	-957.000000
205	66	10.00000E-01	-957.000000
205	67	10.00000E-01	-957.000000
205	68	10.00000E-01	-957.000000
205	69	10.00000E-01	-957.000000
205	70	10.00000E-01	-957.000000
205	71	10.00000E-01	-957.000000
205	72	10.00000E-01	-957.000000
205	73	10.00000E-01	-957.000000
205	74	10.00000E-01	-957.000000
205	75	10.00000E-01	-957.000000
205	76	10.00000E-01	-957.000000
205	77 	10.00000E-01	-957.000000
205	78	10.00000E-01	-957.000000
205	79	10.00000E-01	-957.000000
205	80	10.00000E-01	-957.000000
205	81	10.00000E-01	-957.000000
205	82	10.00000E-01	-957.000000
205	83	10.00000E-01	-957.000000
205	84	10.00000E-01	-957.000000
205	85	10.00000E-01	-957.000000
205	86	10.00000E-01	-957.000000
205	87	10.00000E-01	-957.000000
205	88	10.00000E-01	-957.000000
205	89	10.00000E-01	-957.000000
205	90	10.00000E-01	-957.000000
205	91	10.00000E-01	-957.000000
205	92	10.00000E-01	-957.000000
205	93	10.00000E-01	-957.000000
205	94	10.00000E-01	-957.000000
205	95	10.00000E-01	-957.000000
205	96	10.00000E-01	-957.000000
205	97	10.00000E-01	-957.000000
205	98	10.00000E-01	-957.000000
205	99	10.00000E-01	-957.000000
205     100	10.00000E-01	-957.000000
205	101	10.00000E-01	-957.000000
205	102	10.00000E-01	-957.000000
205	103	10.00000E-01	-957.000000
205	104	10.00000E-01	-957.000000
205	105	10.00000E-01	-957.000000
205	106	10.00000E-01	-957.000000
205	107	10.00000E-01	-957.000000
205	108	10.00000E-01	-957.000000
205	109	10.00000E-01	-957.000000
205	110	10.00000E-01	-957.000000
205	111	10.00000E-01	-957.000000
205	112	10.00000E-01	-957.000000
205	113	10.00000E-01	-957.000000
205	114	10.00000E-01	-957.000000
205	115	10.00000E-01	-957.000000
205	116	10.00000E-01	-957.000000
205	117	10.00000E-01	-957.000000
205	118	10.00000E-01	-957.000000
205	119	10.00000E-01	-957.000000
205	120	10.00000E-01	-957.000000
205	121	10.00000E-01	-957.000000
205	122	10.00000E-01	-957.000000
205	123	10.00000E-01	-957.000000
205	124	10.00000E-01	-957.000000
205	125	10.00000E-01	-957.000000
205	126	10.00000E-01	-957.000000
205	127	10.00000E-01	-957.000000
205	128	10.00000E-01	-957.000000
#
#Layer 6
206     1	10.00000E-01	-957.000000
206	2	10.00000E-01	-957.000000
206	3	10.00000E-01	-957.000000
206	4	10.00000E-01	-957.000000
206	5	10.00000E-01	-957.000000
206	6	10.00000E-01	-957.000000
206	7	10.00000E-01	-957.000000
206	8	10.00000E-01	-957.000000
206	9	10.00000E-01	-957.000000
206     10	10.00000E-01	-957.000000
206	11	10.00000E-01	-957.000000
206	12	10.00000E-01	-957.000000
206	13 	10.00000E-01	-957.000000
206	14	10.00000E-01	-957.000000
206	15	10.00000E-01	-957.000000
206	16	10.00000E-01	-957.000000
206	17	10.00000E-01	-957.000000
206	18	10.00000E-01	-957.000000
206	19	10.00000E-01	-957.000000
206	20	10.00000E-01	-957.000000
206	21	10.00000E-01	-957.000000
206	22	10.00000E-01	-957.000000
206	23	10.00000E-01	-957.000000
206	24	10.00000E-01	-957.000000
206	25	10.00000E-01	-957.000000
206	26	10.00000E-01	-957.000000
206	27	10.00000E-01	-957.000000
206	28	10.00000E-01	-957.000000
206	29	10.00000E-01	-957.000000
206	30	10.00000E-01	-957.000000
206	31	10.00000E-01	-957.000000
206	32	10.00000E-01	-957.000000
206	33	10.00000E-01	-957.000000
206	34	10.00000E-01	-957.000000
206	35	10.00000E-01	-957.000000
206	36	10.00000E-01	-957.000000
206	37	10.00000E-01	-957.000000
206	38	10.00000E-01	-957.000000
206	39	10.00000E-01	-957.000000
206	40	10.00000E-01	-957.000000
206	41	10.00000E-01	-957.000000
206	42	10.00000E-01	-957.000000
206	43	10.00000E-01	-957.000000
206	44	10.00000E-01	-957.000000
206	45 	10.00000E-01	-957.000000
206	46	10.00000E-01	-957.000000
206	47	10.00000E-01	-957.000000
206	48	10.00000E-01	-957.000000
206	49	10.00000E-01	-957.000000
206	50	10.00000E-01	-957.000000
206	51	10.00000E-01	-957.000000
206	52	10.00000E-01	-957.000000
206	53	10.00000E-01	-957.000000
206	54	10.00000E-01	-957.000000
206	55	10.00000E-01	-957.000000
206	56	10.00000E-01	-957.000000
206	57	10.00000E-01	-957.000000
206	58	10.00000E-01	-957.000000
206	59	10.00000E-01	-957.000000
206	60	10.00000E-01	-957.000000
206	61	10.00000E-01	-957.000000
206	62	10.00000E-01	-957.000000
206	63	10.00000E-01	-957.000000
206	64	10.00000E-01	-957.000000
206	65	10.00000E-01	-957.000000
206	66	10.00000E-01	-957.000000
206	67	10.00000E-01	-957.000000
206	68	10.00000E-01	-957.000000
206	69	10.00000E-01	-957.000000
206	70	10.00000E-01	-957.000000
206	71	10.00000E-01	-957.000000
206	72	10.00000E-01	-957.000000
206	73	10.00000E-01	-957.000000
206	74	10.00000E-01	-957.000000
206	75	10.00000E-01	-957.000000
206	76	10.00000E-01	-957.000000
206	77 	10.00000E-01	-957.000000
206	78	10.00000E-01	-957.000000
206	79	10.00000E-01	-957.000000
206	80	10.00000E-01	-957.000000
206	81	10.00000E-01	-957.000000
206	82	10.00000E-01	-957.000000
206	83	10.00000E-01	-957.000000
206	84	10.00000E-01	-957.000000
206	85	10.00000E-01	-957.000000
206	86	10.00000E-01	-957.000000
206	87	10.00000E-01	-957.000000
206	88	10.00000E-01	-957.000000
206	89	10.00000E-01	-957.000000
206	90	10.00000E-01	-957.000000
206	91	10.00000E-01	-957.000000
206	92	10.00000E-01	-957.000000
206	93	10.00000E-01	-957.000000
206	94	10.00000E-01	-957.000000
206	95	10.00000E-01	-957.000000
206	96	10.00000E-01	-957.000000
206	97	10.00000E-01	-957.000000
206	98	10.00000E-01	-957.000000
206	99	10.00000E-01	-957.000000
206     100	10.00000E-01	-957.000000
206	101	10.00000E-01	-957.000000
206	102	10.00000E-01	-957.000000
206	103	10.00000E-01	-957.000000
206	104	10.00000E-01	-957.000000
206	105	10.00000E-01	-957.000000
206	106	10.00000E-01	-957.000000
206	107	10.00000E-01	-957.000000
206	108	10.00000E-01	-957.000000
206	109	10.00000E-01	-957.000000
206	110	10.00000E-01	-957.000000
206	111	10.00000E-01	-957.000000
206	112	10.00000E-01	-957.000000
206	113	10.00000E-01	-957.000000
206	114	10.00000E-01	-957.000000
206	115	10.00000E-01	-957.000000
206	116	10.00000E-01	-957.000000
206	117	10.00000E-01	-957.000000
206	118	10.00000E-01	-957.000000
206	119	10.00000E-01	-957.000000
206	120	10.00000E-01	-957.000000
206	121	10.00000E-01	-957.000000
206	122	10.00000E-01	-957.000000
206	123	10.00000E-01	-957.000000
206	124	10.00000E-01	-957.000000
206	125	10.00000E-01	-957.000000
206	126	10.00000E-01	-957.000000
206	127	10.00000E-01	-957.000000
206	128	10.00000E-01	-957.000000
#
#Layer 7
207     1	10.00000E-01	-957.000000
207	2	10.00000E-01	-957.000000
207	3	10.00000E-01	-957.000000
207	4	10.00000E-01	-957.000000
207	5	10.00000E-01	-957.000000
207	6	10.00000E-01	-957.000000
207	7	10.00000E-01	-957.000000
207	8	10.00000E-01	-957.000000
207	9	10.00000E-01	-957.000000
207     10	10.00000E-01	-957.000000
207	11	10.00000E-01	-957.000000
207	12	10.00000E-01	-957.000000
207	13 	10.00000E-01	-957.000000
207	14	10.00000E-01	-957.000000
207	15	10.00000E-01	-957.000000
207	16	10.00000E-01	-957.000000
207	17	10.00000E-01	-957.000000
207	18	10.00000E-01	-957.000000
207	19	10.00000E-01	-957.000000
207	20	10.00000E-01	-957.000000
207	21	10.00000E-01	-957.000000
207	22	10.00000E-01	-957.000000
207	23	10.00000E-01	-957.000000
207	24	10.00000E-01	-957.000000
207	25	10.00000E-01	-957.000000
207	26	10.00000E-01	-957.000000
207	27	10.00000E-01	-957.000000
207	28	10.00000E-01	-957.000000
207	29	10.00000E-01	-957.000000
207	30	10.00000E-01	-957.000000
207	31	10.00000E-01	-957.000000
207	32	10.00000E-01	-957.000000
207	33	10.00000E-01	-957.000000
207	34	10.00000E-01	-957.000000
207	35	10.00000E-01	-957.000000
207	36	10.00000E-01	-957.000000
207	37	10.00000E-01	-957.000000
207	38	10.00000E-01	-957.000000
207	39	10.00000E-01	-957.000000
207	40	10.00000E-01	-957.000000
207	41	10.00000E-01	-957.000000
207	42	10.00000E-01	-957.000000
207	43	10.00000E-01	-957.000000
207	44	10.00000E-01	-957.000000
207	45 	10.00000E-01	-957.000000
207	46	10.00000E-01	-957.000000
207	47	10.00000E-01	-957.000000
207	48	10.00000E-01	-957.000000
207	49	10.00000E-01	-957.000000
207	50	10.00000E-01	-957.000000
207	51	10.00000E-01	-957.000000
207	52	10.00000E-01	-957.000000
207	53	10.00000E-01	-957.000000
207	54	10.00000E-01	-957.000000
207	55	10.00000E-01	-957.000000
207	56	10.00000E-01	-957.000000
207	57	10.00000E-01	-957.000000
207	58	10.00000E-01	-957.000000
207	59	10.00000E-01	-957.000000
207	60	10.00000E-01	-957.000000
207	61	10.00000E-01	-957.000000
207	62	10.00000E-01	-957.000000
207	63	10.00000E-01	-957.000000
207	64	10.00000E-01	-957.000000
207	65	10.00000E-01	-957.000000
207	66	10.00000E-01	-957.000000
207	67	10.00000E-01	-957.000000
207	68	10.00000E-01	-957.000000
207	69	10.00000E-01	-957.000000
207	70	10.00000E-01	-957.000000
207	71	10.00000E-01	-957.000000
207	72	10.00000E-01	-957.000000
207	73	10.00000E-01	-957.000000
207	74	10.00000E-01	-957.000000
207	75	10.00000E-01	-957.000000
207	76	10.00000E-01	-957.000000
207	77 	10.00000E-01	-957.000000
207	78	10.00000E-01	-957.000000
207	79	10.00000E-01	-957.000000
207	80	10.00000E-01	-957.000000
207	81	10.00000E-01	-957.000000
207	82	10.00000E-01	-957.000000
207	83	10.00000E-01	-957.000000
207	84	10.00000E-01	-957.000000
207	85	10.00000E-01	-957.000000
207	86	10.00000E-01	-957.000000
207	87	10.00000E-01	-957.000000
207	88	10.00000E-01	-957.000000
207	89	10.00000E-01	-957.000000
207	90	10.00000E-01	-957.000000
207	91	10.00000E-01	-957.000000
207	92	10.00000E-01	-957.000000
207	93	10.00000E-01	-957.000000
207	94	10.00000E-01	-957.000000
207	95	10.00000E-01	-957.000000
207	96	10.00000E-01	-957.000000
207	97	10.00000E-01	-957.000000
207	98	10.00000E-01	-957.000000
207	99	10.00000E-01	-957.000000
207     100	10.00000E-01	-957.000000
207	101	10.00000E-01	-957.000000
207	102	10.00000E-01	-957.000000
207	103	10.00000E-01	-957.000000
207	104	10.00000E-01	-957.000000
207	105	10.00000E-01	-957.000000
207	106	10.00000E-01	-957.000000
207	107	10.00000E-01	-957.000000
207	108	10.00000E-01	-957.000000
207	109	10.00000E-01	-957.000000
207	110	10.00000E-01	-957.000000
207	111	10.00000E-01	-957.000000
207	112	10.00000E-01	-957.000000
207	113	10.00000E-01	-957.000000
207	114	10.00000E-01	-957.000000
207	115	10.00000E-01	-957.000000
207	116	10.00000E-01	-957.000000
207	117	10.00000E-01	-957.000000
207	118	10.00000E-01	-957.000000
207	119	10.00000E-01	-957.000000
207	120	10.00000E-01	-957.000000
207	121	10.00000E-01	-957.000000
207	122	10.00000E-01	-957.000000
207	123	10.00000E-01	-957.000000
207	124	10.00000E-01	-957.000000
207	125	10.00000E-01	-957.000000
207	126	10.00000E-01	-957.000000
207	127	10.00000E-01	-957.000000
207	128	10.00000E-01	-957.000000
#
#Layer 8
208     1	10.00000E-01	-957.000000
208	2	10.00000E-01	-957.000000
208	3	10.00000E-01	-957.000000
208	4	10.00000E-01	-957.000000
208	5	10.00000E-01	-957.000000
208	6	10.00000E-01	-957.000000
208	7	10.00000E-01	-957.000000
208	8	10.00000E-01	-957.000000
208	9	10.00000E-01	-957.000000
208     10	10.00000E-01	-957.000000
208	11	10.00000E-01	-957.000000
208	12	10.00000E-01	-957.000000
208	13 	10.00000E-01	-957.000000
208	14	10.00000E-01	-957.000000
208	15	10.00000E-01	-957.000000
208	16	10.00000E-01	-957.000000
208	17	10.00000E-01	-957.000000
208	18	10.00000E-01	-957.000000
208	19	10.00000E-01	-957.000000
208	20	10.00000E-01	-957.000000
208	21	10.00000E-01	-957.000000
208	22	10.00000E-01	-957.000000
208	23	10.00000E-01	-957.000000
208	24	10.00000E-01	-957.000000
208	25	10.00000E-01	-957.000000
208	26	10.00000E-01	-957.000000
208	27	10.00000E-01	-957.000000
208	28	10.00000E-01	-957.000000
208	29	10.00000E-01	-957.000000
208	30	10.00000E-01	-957.000000
208	31	10.00000E-01	-957.000000
208	32	10.00000E-01	-957.000000
208	33	10.00000E-01	-957.000000
208	34	10.00000E-01	-957.000000
208	35	10.00000E-01	-957.000000
208	36	10.00000E-01	-957.000000
208	37	10.00000E-01	-957.000000
208	38	10.00000E-01	-957.000000
208	39	10.00000E-01	-957.000000
208	40	10.00000E-01	-957.000000
208	41	10.00000E-01	-957.000000
208	42	10.00000E-01	-957.000000
208	43	10.00000E-01	-957.000000
208	44	10.00000E-01	-957.000000
208	45 	10.00000E-01	-957.000000
208	46	10.00000E-01	-957.000000
208	47	10.00000E-01	-957.000000
208	48	10.00000E-01	-957.000000
208	49	10.00000E-01	-957.000000
208	50	10.00000E-01	-957.000000
208	51	10.00000E-01	-957.000000
208	52	10.00000E-01	-957.000000
208	53	10.00000E-01	-957.000000
208	54	10.00000E-01	-957.000000
208	55	10.00000E-01	-957.000000
208	56	10.00000E-01	-957.000000
208	57	10.00000E-01	-957.000000
208	58	10.00000E-01	-957.000000
208	59	10.00000E-01	-957.000000
208	60	10.00000E-01	-957.000000
208	61	10.00000E-01	-957.000000
208	62	10.00000E-01	-957.000000
208	63	10.00000E-01	-957.000000
208	64	10.00000E-01	-957.000000
208	65	10.00000E-01	-957.000000
208	66	10.00000E-01	-957.000000
208	67	10.00000E-01	-957.000000
208	68	10.00000E-01	-957.000000
208	69	10.00000E-01	-957.000000
208	70	10.00000E-01	-957.000000
208	71	10.00000E-01	-957.000000
208	72	10.00000E-01	-957.000000
208	73	10.00000E-01	-957.000000
208	74	10.00000E-01	-957.000000
208	75	10.00000E-01	-957.000000
208	76	10.00000E-01	-957.000000
208	77 	10.00000E-01	-957.000000
208	78	10.00000E-01	-957.000000
208	79	10.00000E-01	-957.000000
208	80	10.00000E-01	-957.000000
208	81	10.00000E-01	-957.000000
208	82	10.00000E-01	-957.000000
208	83	10.00000E-01	-957.000000
208	84	10.00000E-01	-957.000000
208	85	10.00000E-01	-957.000000
208	86	10.00000E-01	-957.000000
208	87	10.00000E-01	-957.000000
208	88	10.00000E-01	-957.000000
208	89	10.00000E-01	-957.000000
208	90	10.00000E-01	-957.000000
208	91	10.00000E-01	-957.000000
208	92	10.00000E-01	-957.000000
208	93	10.00000E-01	-957.000000
208	94	10.00000E-01	-957.000000
208	95	10.00000E-01	-957.000000
208	96	10.00000E-01	-957.000000
208	97	10.00000E-01	-957.000000
208	98	10.00000E-01	-957.000000
208	99	10.00000E-01	-957.000000
208     100	10.00000E-01	-957.000000
208	101	10.00000E-01	-957.000000
208	102	10.00000E-01	-957.000000
208	103	10.00000E-01	-957.000000
208	104	10.00000E-01	-957.000000
208	105	10.00000E-01	-957.000000
208	106	10.00000E-01	-957.000000
208	107	10.00000E-01	-957.000000
208	108	10.00000E-01	-957.000000
208	109	10.00000E-01	-957.000000
208	110	10.00000E-01	-957.000000
208	111	10.00000E-01	-957.000000
208	112	10.00000E-01	-957.000000
208	113	10.00000E-01	-957.000000
208	114	10.00000E-01	-957.000000
208	115	10.00000E-01	-957.000000
208	116	10.00000E-01	-957.000000
208	117	10.00000E-01	-957.000000
208	118	10.00000E-01	-957.000000
208	119	10.00000E-01	-957.000000
208	120	10.00000E-01	-957.000000
208	121	10.00000E-01	-957.000000
208	122	10.00000E-01	-957.000000
208	123	10.00000E-01	-957.000000
208	124	10.00000E-01	-957.000000
208	125	10.00000E-01	-957.000000
208	126	10.00000E-01	-957.000000
208	127	10.00000E-01	-957.000000
208	128	10.00000E-01	-957.000000
#
################################################