#PlaneID  FiberId   p1     p0(offset)
######
#
#Tracker
# BFT1 X Layer
301     0         10.00000E-01  -896.0    
301     1         10.00000E-01  -896.0    
301     2         10.00000E-01  -896.0    
301     3         10.00000E-01  -896.0    
301     4         10.00000E-01  -896.0    
301     5         10.00000E-01  -896.0    
301     6         10.00000E-01  -896.0    
301     7         10.00000E-01  -896.0    
301     8         10.00000E-01  -896.0    
301     9         10.00000E-01  -896.0    
301     10        10.00000E-01  -896.0    
301     11        10.00000E-01  -896.0    
301     12        10.00000E-01  -896.0    
301     13        10.00000E-01  -896.0    
301     14        10.00000E-01  -896.0    
301     15        10.00000E-01  -896.0    
301     16        10.00000E-01  -896.0    
301     17        10.00000E-01  -896.0    
301     18        10.00000E-01  -896.0    
301     19        10.00000E-01  -896.0    
301     20        10.00000E-01  -896.0    
301     21        10.00000E-01  -896.0    
301     22        10.00000E-01  -896.0    
301     23        10.00000E-01  -896.0    
301     24        10.00000E-01  -896.0    
301     25        10.00000E-01  -896.0    
301     26        10.00000E-01  -896.0    
301     27        10.00000E-01  -896.0    
301     28        10.00000E-01  -896.0    
301     29        10.00000E-01  -896.0    
301     30        10.00000E-01  -896.0    
301     31        10.00000E-01  -896.0    
301     32        10.00000E-01  -896.0    
301     33        10.00000E-01  -896.0    
301     34        10.00000E-01  -896.0    
301     35        10.00000E-01  -896.0    
301     36        10.00000E-01  -896.0    
301     37        10.00000E-01  -896.0    
301     38        10.00000E-01  -896.0    
301     39        10.00000E-01  -896.0    
301     40        10.00000E-01  -896.0    
301     41        10.00000E-01  -896.0    
301     42        10.00000E-01  -896.0    
301     43        10.00000E-01  -896.0    
301     44        10.00000E-01  -896.0    
301     45        10.00000E-01  -896.0    
301     46        10.00000E-01  -896.0    
301     47        10.00000E-01  -896.0    
301     48        10.00000E-01  -896.0    
301     49        10.00000E-01  -896.0    
301     50        10.00000E-01  -896.0    
301     51        10.00000E-01  -896.0    
301     52        10.00000E-01  -896.0    
301     53        10.00000E-01  -896.0    
301     54        10.00000E-01  -896.0    
301     55        10.00000E-01  -896.0    
301     56        10.00000E-01  -896.0    
301     57        10.00000E-01  -896.0    
301     58        10.00000E-01  -896.0    
301     59        10.00000E-01  -896.0    
301     60        10.00000E-01  -896.0    
301     61        10.00000E-01  -896.0    
301     62        10.00000E-01  -896.0    
301     63        10.00000E-01  -896.0    
301     64        10.00000E-01  -896.0    
301     65        10.00000E-01  -896.0    
301     66        10.00000E-01  -896.0    
301     67        10.00000E-01  -896.0    
301     68        10.00000E-01  -896.0    
301     69        10.00000E-01  -896.0    
301     70        10.00000E-01  -896.0    
301     71        10.00000E-01  -896.0    
301     72        10.00000E-01  -896.0    
301     73        10.00000E-01  -896.0    
301     74        10.00000E-01  -896.0    
301     75        10.00000E-01  -896.0    
301     76        10.00000E-01  -896.0    
301     77        10.00000E-01  -896.0    
301     78        10.00000E-01  -896.0    
301     79        10.00000E-01  -896.0    
301     80        10.00000E-01  -896.0    
301     81        10.00000E-01  -896.0    
301     82        10.00000E-01  -896.0    
301     83        10.00000E-01  -896.0    
301     84        10.00000E-01  -896.0    
301     85        10.00000E-01  -896.0    
301     86        10.00000E-01  -896.0    
301     87        10.00000E-01  -896.0    
301     88        10.00000E-01  -896.0    
301     89        10.00000E-01  -896.0    
301     90        10.00000E-01  -896.0    
301     91        10.00000E-01  -896.0    
301     92        10.00000E-01  -896.0    
301     93        10.00000E-01  -896.0    
301     94        10.00000E-01  -896.0    
301     95        10.00000E-01  -896.0    
301     96        10.00000E-01  -896.0    
301     97        10.00000E-01  -896.0    
301     98        10.00000E-01  -896.0    
301     99        10.00000E-01  -896.0    
301     100       10.00000E-01  -896.0    
301     101       10.00000E-01  -896.0    
301     102       10.00000E-01  -896.0    
301     103       10.00000E-01  -896.0    
301     104       10.00000E-01  -896.0    
301     105       10.00000E-01  -896.0    
301     106       10.00000E-01  -896.0    
301     107       10.00000E-01  -896.0    
301     108       10.00000E-01  -896.0    
301     109       10.00000E-01  -896.0    
301     110       10.00000E-01  -896.0    
301     111       10.00000E-01  -896.0    
301     112       10.00000E-01  -896.0    
301     113       10.00000E-01  -896.0    
301     114       10.00000E-01  -896.0    
301     115       10.00000E-01  -896.0    
301     116       10.00000E-01  -896.0    
301     117       10.00000E-01  -896.0    
301     118       10.00000E-01  -896.0    
301     119       10.00000E-01  -896.0    
301     120       10.00000E-01  -896.0    
301     121       10.00000E-01  -896.0    
301     122       10.00000E-01  -896.0    
301     123       10.00000E-01  -896.0    
301     124       10.00000E-01  -896.0    
301     125       10.00000E-01  -896.0    
301     126       10.00000E-01  -896.0    
301     127       10.00000E-01  -896.0    
301     128       10.00000E-01  -896.0    
301     129       10.00000E-01  -896.0    
301     130       10.00000E-01  -896.0    
301     131       10.00000E-01  -896.0    
301     132       10.00000E-01  -896.0    
301     133       10.00000E-01  -896.0    
301     134       10.00000E-01  -896.0    
301     135       10.00000E-01  -896.0    
301     136       10.00000E-01  -896.0    
301     137       10.00000E-01  -896.0    
301     138       10.00000E-01  -896.0    
301     139       10.00000E-01  -896.0    
301     140       10.00000E-01  -896.0    
301     141       10.00000E-01  -896.0    
301     142       10.00000E-01  -896.0    
301     143       10.00000E-01  -896.0    
301     144       10.00000E-01  -896.0    
301     145       10.00000E-01  -896.0    
301     146       10.00000E-01  -896.0    
301     147       10.00000E-01  -896.0    
301     148       10.00000E-01  -896.0    
301     149       10.00000E-01  -896.0    
301     150       10.00000E-01  -896.0    
301     151       10.00000E-01  -896.0    
301     152       10.00000E-01  -896.0    
301     153       10.00000E-01  -896.0    
301     154       10.00000E-01  -896.0    
301     155       10.00000E-01  -896.0    
301     156       10.00000E-01  -896.0    
301     157       10.00000E-01  -896.0    
301     158       10.00000E-01  -896.0    
301     159       10.00000E-01  -896.0    
301     160       10.00000E-01  -896.0    
301     161       10.00000E-01  -896.0    
301     162       10.00000E-01  -896.0    
301     163       10.00000E-01  -896.0    
301     164       10.00000E-01  -896.0    
301     165       10.00000E-01  -896.0    
301     166       10.00000E-01  -896.0    
301     167       10.00000E-01  -896.0    
301     168       10.00000E-01  -896.0    
301     169       10.00000E-01  -896.0    
301     170       10.00000E-01  -896.0    
301     171       10.00000E-01  -896.0    
301     172       10.00000E-01  -896.0    
301     173       10.00000E-01  -896.0    
301     174       10.00000E-01  -896.0    
301     175       10.00000E-01  -896.0    
301     176       10.00000E-01  -896.0    
301     177       10.00000E-01  -896.0    
301     178       10.00000E-01  -896.0    
301     179       10.00000E-01  -896.0    
301     180       10.00000E-01  -896.0    
301     181       10.00000E-01  -896.0    
301     182       10.00000E-01  -896.0    
301     183       10.00000E-01  -896.0    
301     184       10.00000E-01  -896.0    
301     185       10.00000E-01  -896.0    
301     186       10.00000E-01  -896.0    
301     187       10.00000E-01  -896.0    
301     188       10.00000E-01  -896.0    
301     189       10.00000E-01  -896.0    
301     190       10.00000E-01  -896.0    
301     191       10.00000E-01  -896.0    
301     192       10.00000E-01  -896.0    
301     193       10.00000E-01  -896.0    
301     194       10.00000E-01  -896.0    
301     195       10.00000E-01  -896.0    
301     196       10.00000E-01  -896.0    
301     197       10.00000E-01  -896.0    
301     198       10.00000E-01  -896.0    
301     199       10.00000E-01  -896.0    
301     200       10.00000E-01  -896.0    
301     201       10.00000E-01  -896.0    
301     202       10.00000E-01  -896.0    
301     203       10.00000E-01  -896.0    
301     204       10.00000E-01  -896.0    
301     205       10.00000E-01  -896.0    
301     206       10.00000E-01  -896.0    
301     207       10.00000E-01  -896.0    
301     208       10.00000E-01  -896.0    
301     209       10.00000E-01  -896.0    
301     210       10.00000E-01  -896.0    
301     211       10.00000E-01  -896.0    
301     212       10.00000E-01  -896.0    
301     213       10.00000E-01  -896.0    
301     214       10.00000E-01  -896.0    
301     215       10.00000E-01  -896.0    
301     216       10.00000E-01  -896.0    
301     217       10.00000E-01  -896.0    
301     218       10.00000E-01  -896.0    
301     219       10.00000E-01  -896.0    
301     220       10.00000E-01  -896.0    
301     221       10.00000E-01  -896.0    
301     222       10.00000E-01  -896.0    
301     223       10.00000E-01  -896.0    
301     224       10.00000E-01  -896.0    
301     225       10.00000E-01  -896.0    
301     226       10.00000E-01  -896.0    
301     227       10.00000E-01  -896.0    
301     228       10.00000E-01  -896.0    
301     229       10.00000E-01  -896.0    
301     230       10.00000E-01  -896.0    
301     231       10.00000E-01  -896.0    
301     232       10.00000E-01  -896.0    
301     233       10.00000E-01  -896.0    
301     234       10.00000E-01  -896.0    
301     235       10.00000E-01  -896.0    
301     236       10.00000E-01  -896.0    
301     237       10.00000E-01  -896.0    
301     238       10.00000E-01  -896.0    
301     239       10.00000E-01  -896.0    
301     240       10.00000E-01  -896.0    
301     241       10.00000E-01  -896.0    
301     242       10.00000E-01  -896.0    
301     243       10.00000E-01  -896.0    
301     244       10.00000E-01  -896.0    
301     245       10.00000E-01  -896.0    
301     246       10.00000E-01  -896.0    
301     247       10.00000E-01  -896.0    
301     248       10.00000E-01  -896.0    
301     249       10.00000E-01  -896.0    
301     250       10.00000E-01  -896.0    
301     251       10.00000E-01  -896.0    
301     252       10.00000E-01  -896.0    
301     253       10.00000E-01  -896.0    
301     254       10.00000E-01  -896.0    
301     255       10.00000E-01  -896.0    
#
# BFT1 U Layer
302     0         10.00000E-01  -896.8  
302     1         10.00000E-01  -896.8  
302     2         10.00000E-01  -896.8  
302     3         10.00000E-01  -896.8  
302     4         10.00000E-01  -896.8  
302     5         10.00000E-01  -896.8  
302     6         10.00000E-01  -896.8  
302     7         10.00000E-01  -896.8  
302     8         10.00000E-01  -896.8  
302     9         10.00000E-01  -896.8  
302     10        10.00000E-01  -896.8  
302     11        10.00000E-01  -896.8  
302     12        10.00000E-01  -896.8  
302     13        10.00000E-01  -896.8  
302     14        10.00000E-01  -896.8  
302     15        10.00000E-01  -896.8  
302     16        10.00000E-01  -896.8  
302     17        10.00000E-01  -896.8  
302     18        10.00000E-01  -896.8  
302     19        10.00000E-01  -896.8  
302     20        10.00000E-01  -896.8  
302     21        10.00000E-01  -896.8  
302     22        10.00000E-01  -896.8  
302     23        10.00000E-01  -896.8  
302     24        10.00000E-01  -896.8  
302     25        10.00000E-01  -896.8  
302     26        10.00000E-01  -896.8  
302     27        10.00000E-01  -896.8  
302     28        10.00000E-01  -896.8  
302     29        10.00000E-01  -896.8  
302     30        10.00000E-01  -896.8  
302     31        10.00000E-01  -896.8  
302     32        10.00000E-01  -896.8  
302     33        10.00000E-01  -896.8  
302     34        10.00000E-01  -896.8  
302     35        10.00000E-01  -896.8  
302     36        10.00000E-01  -896.8  
302     37        10.00000E-01  -896.8  
302     38        10.00000E-01  -896.8  
302     39        10.00000E-01  -896.8  
302     40        10.00000E-01  -896.8  
302     41        10.00000E-01  -896.8  
302     42        10.00000E-01  -896.8  
302     43        10.00000E-01  -896.8  
302     44        10.00000E-01  -896.8  
302     45        10.00000E-01  -896.8  
302     46        10.00000E-01  -896.8  
302     47        10.00000E-01  -896.8  
302     48        10.00000E-01  -896.8  
302     49        10.00000E-01  -896.8  
302     50        10.00000E-01  -896.8  
302     51        10.00000E-01  -896.8  
302     52        10.00000E-01  -896.8  
302     53        10.00000E-01  -896.8  
302     54        10.00000E-01  -896.8  
302     55        10.00000E-01  -896.8  
302     56        10.00000E-01  -896.8  
302     57        10.00000E-01  -896.8  
302     58        10.00000E-01  -896.8  
302     59        10.00000E-01  -896.8  
302     60        10.00000E-01  -896.8  
302     61        10.00000E-01  -896.8  
302     62        10.00000E-01  -896.8  
302     63        10.00000E-01  -896.8  
302     64        10.00000E-01  -896.8  
302     65        10.00000E-01  -896.8  
302     66        10.00000E-01  -896.8  
302     67        10.00000E-01  -896.8  
302     68        10.00000E-01  -896.8  
302     69        10.00000E-01  -896.8  
302     70        10.00000E-01  -896.8  
302     71        10.00000E-01  -896.8  
302     72        10.00000E-01  -896.8  
302     73        10.00000E-01  -896.8  
302     74        10.00000E-01  -896.8  
302     75        10.00000E-01  -896.8  
302     76        10.00000E-01  -896.8  
302     77        10.00000E-01  -896.8  
302     78        10.00000E-01  -896.8  
302     79        10.00000E-01  -896.8  
302     80        10.00000E-01  -896.8  
302     81        10.00000E-01  -896.8  
302     82        10.00000E-01  -896.8  
302     83        10.00000E-01  -896.8  
302     84        10.00000E-01  -896.8  
302     85        10.00000E-01  -896.8  
302     86        10.00000E-01  -896.8  
302     87        10.00000E-01  -896.8  
302     88        10.00000E-01  -896.8  
302     89        10.00000E-01  -896.8  
302     90        10.00000E-01  -896.8  
302     91        10.00000E-01  -896.8  
302     92        10.00000E-01  -896.8  
302     93        10.00000E-01  -896.8  
302     94        10.00000E-01  -896.8  
302     95        10.00000E-01  -896.8  
302     96        10.00000E-01  -896.8  
302     97        10.00000E-01  -896.8  
302     98        10.00000E-01  -896.8  
302     99        10.00000E-01  -896.8  
302     100       10.00000E-01  -896.8  
302     101       10.00000E-01  -896.8  
302     102       10.00000E-01  -896.8  
302     103       10.00000E-01  -896.8  
302     104       10.00000E-01  -896.8  
302     105       10.00000E-01  -896.8  
302     106       10.00000E-01  -896.8  
302     107       10.00000E-01  -896.8  
302     108       10.00000E-01  -896.8  
302     109       10.00000E-01  -896.8  
302     110       10.00000E-01  -896.8  
302     111       10.00000E-01  -896.8  
302     112       10.00000E-01  -896.8  
302     113       10.00000E-01  -896.8  
302     114       10.00000E-01  -896.8  
302     115       10.00000E-01  -896.8  
302     116       10.00000E-01  -896.8  
302     117       10.00000E-01  -896.8  
302     118       10.00000E-01  -896.8  
302     119       10.00000E-01  -896.8  
302     120       10.00000E-01  -896.8  
302     121       10.00000E-01  -896.8  
302     122       10.00000E-01  -896.8  
302     123       10.00000E-01  -896.8  
302     124       10.00000E-01  -896.8  
302     125       10.00000E-01  -896.8  
302     126       10.00000E-01  -896.8  
302     127       10.00000E-01  -896.8  
302     128       10.00000E-01  -896.8  
302     129       10.00000E-01  -896.8  
302     130       10.00000E-01  -896.8  
302     131       10.00000E-01  -896.8  
302     132       10.00000E-01  -896.8  
302     133       10.00000E-01  -896.8  
302     134       10.00000E-01  -896.8  
302     135       10.00000E-01  -896.8  
302     136       10.00000E-01  -896.8  
302     137       10.00000E-01  -896.8  
302     138       10.00000E-01  -896.8  
302     139       10.00000E-01  -896.8  
302     140       10.00000E-01  -896.8  
302     141       10.00000E-01  -896.8  
302     142       10.00000E-01  -896.8  
302     143       10.00000E-01  -896.8  
302     144       10.00000E-01  -896.8  
302     145       10.00000E-01  -896.8  
302     146       10.00000E-01  -896.8  
302     147       10.00000E-01  -896.8  
302     148       10.00000E-01  -896.8  
302     149       10.00000E-01  -896.8  
302     150       10.00000E-01  -896.8  
302     151       10.00000E-01  -896.8  
302     152       10.00000E-01  -896.8  
302     153       10.00000E-01  -896.8  
302     154       10.00000E-01  -896.8  
302     155       10.00000E-01  -896.8  
302     156       10.00000E-01  -896.8  
302     157       10.00000E-01  -896.8  
302     158       10.00000E-01  -896.8  
302     159       10.00000E-01  -896.8  
302     160       10.00000E-01  -896.8  
302     161       10.00000E-01  -896.8  
302     162       10.00000E-01  -896.8  
302     163       10.00000E-01  -896.8  
302     164       10.00000E-01  -896.8  
302     165       10.00000E-01  -896.8  
302     166       10.00000E-01  -896.8  
302     167       10.00000E-01  -896.8  
302     168       10.00000E-01  -896.8  
302     169       10.00000E-01  -896.8  
302     170       10.00000E-01  -896.8  
302     171       10.00000E-01  -896.8  
302     172       10.00000E-01  -896.8  
302     173       10.00000E-01  -896.8  
302     174       10.00000E-01  -896.8  
302     175       10.00000E-01  -896.8  
302     176       10.00000E-01  -896.8  
302     177       10.00000E-01  -896.8  
302     178       10.00000E-01  -896.8  
302     179       10.00000E-01  -896.8  
302     180       10.00000E-01  -896.8  
302     181       10.00000E-01  -896.8  
302     182       10.00000E-01  -896.8  
302     183       10.00000E-01  -896.8  
302     184       10.00000E-01  -896.8  
302     185       10.00000E-01  -896.8  
302     186       10.00000E-01  -896.8  
302     187       10.00000E-01  -896.8  
302     188       10.00000E-01  -896.8  
302     189       10.00000E-01  -896.8  
302     190       10.00000E-01  -896.8  
302     191       10.00000E-01  -896.8  
302     192       10.00000E-01  -896.8  
302     193       10.00000E-01  -896.8  
302     194       10.00000E-01  -896.8  
302     195       10.00000E-01  -896.8  
302     196       10.00000E-01  -896.8  
302     197       10.00000E-01  -896.8  
302     198       10.00000E-01  -896.8  
302     199       10.00000E-01  -896.8  
302     200       10.00000E-01  -896.8  
302     201       10.00000E-01  -896.8  
302     202       10.00000E-01  -896.8  
302     203       10.00000E-01  -896.8  
302     204       10.00000E-01  -896.8  
302     205       10.00000E-01  -896.8  
302     206       10.00000E-01  -896.8  
302     207       10.00000E-01  -896.8  
302     208       10.00000E-01  -896.8  
302     209       10.00000E-01  -896.8  
302     210       10.00000E-01  -896.8  
302     211       10.00000E-01  -896.8  
302     212       10.00000E-01  -896.8  
302     213       10.00000E-01  -896.8  
302     214       10.00000E-01  -896.8  
302     215       10.00000E-01  -896.8  
302     216       10.00000E-01  -896.8  
302     217       10.00000E-01  -896.8  
302     218       10.00000E-01  -896.8  
302     219       10.00000E-01  -896.8  
302     220       10.00000E-01  -896.8  
302     221       10.00000E-01  -896.8  
302     222       10.00000E-01  -896.8  
302     223       10.00000E-01  -896.8  
302     224       10.00000E-01  -896.8  
302     225       10.00000E-01  -896.8  
302     226       10.00000E-01  -896.8  
302     227       10.00000E-01  -896.8  
302     228       10.00000E-01  -896.8  
302     229       10.00000E-01  -896.8  
302     230       10.00000E-01  -896.8  
302     231       10.00000E-01  -896.8  
302     232       10.00000E-01  -896.8  
302     233       10.00000E-01  -896.8  
302     234       10.00000E-01  -896.8  
302     235       10.00000E-01  -896.8  
302     236       10.00000E-01  -896.8  
302     237       10.00000E-01  -896.8  
302     238       10.00000E-01  -896.8  
302     239       10.00000E-01  -896.8  
302     240       10.00000E-01  -896.8  
302     241       10.00000E-01  -896.8  
302     242       10.00000E-01  -896.8  
302     243       10.00000E-01  -896.8  
302     244       10.00000E-01  -896.8  
302     245       10.00000E-01  -896.8  
302     246       10.00000E-01  -896.8  
302     247       10.00000E-01  -896.8  
302     248       10.00000E-01  -896.8  
302     249       10.00000E-01  -896.8  
302     250       10.00000E-01  -896.8  
302     251       10.00000E-01  -896.8  
302     252       10.00000E-01  -896.8  
302     253       10.00000E-01  -896.8  
302     254       10.00000E-01  -896.8  
302     255       10.00000E-01  -896.8  
#
# BFT1 V Layer
303     0         10.00000E-01  -896.9    
303     1         10.00000E-01  -896.9    
303     2         10.00000E-01  -896.9    
303     3         10.00000E-01  -896.9    
303     4         10.00000E-01  -896.9    
303     5         10.00000E-01  -896.9    
303     6         10.00000E-01  -896.9    
303     7         10.00000E-01  -896.9    
303     8         10.00000E-01  -896.9    
303     9         10.00000E-01  -896.9    
303     10        10.00000E-01  -896.9    
303     11        10.00000E-01  -896.9    
303     12        10.00000E-01  -896.9    
303     13        10.00000E-01  -896.9    
303     14        10.00000E-01  -896.9    
303     15        10.00000E-01  -896.9    
303     16        10.00000E-01  -896.9    
303     17        10.00000E-01  -896.9    
303     18        10.00000E-01  -896.9    
303     19        10.00000E-01  -896.9    
303     20        10.00000E-01  -896.9    
303     21        10.00000E-01  -896.9    
303     22        10.00000E-01  -896.9    
303     23        10.00000E-01  -896.9    
303     24        10.00000E-01  -896.9    
303     25        10.00000E-01  -896.9    
303     26        10.00000E-01  -896.9    
303     27        10.00000E-01  -896.9    
303     28        10.00000E-01  -896.9    
303     29        10.00000E-01  -896.9    
303     30        10.00000E-01  -896.9    
303     31        10.00000E-01  -896.9    
303     32        10.00000E-01  -896.9    
303     33        10.00000E-01  -896.9    
303     34        10.00000E-01  -896.9    
303     35        10.00000E-01  -896.9    
303     36        10.00000E-01  -896.9    
303     37        10.00000E-01  -896.9    
303     38        10.00000E-01  -896.9    
303     39        10.00000E-01  -896.9    
303     40        10.00000E-01  -896.9    
303     41        10.00000E-01  -896.9    
303     42        10.00000E-01  -896.9    
303     43        10.00000E-01  -896.9    
303     44        10.00000E-01  -896.9    
303     45        10.00000E-01  -896.9    
303     46        10.00000E-01  -896.9    
303     47        10.00000E-01  -896.9    
303     48        10.00000E-01  -896.9    
303     49        10.00000E-01  -896.9    
303     50        10.00000E-01  -896.9    
303     51        10.00000E-01  -896.9    
303     52        10.00000E-01  -896.9    
303     53        10.00000E-01  -896.9    
303     54        10.00000E-01  -896.9    
303     55        10.00000E-01  -896.9    
303     56        10.00000E-01  -896.9    
303     57        10.00000E-01  -896.9    
303     58        10.00000E-01  -896.9    
303     59        10.00000E-01  -896.9    
303     60        10.00000E-01  -896.9    
303     61        10.00000E-01  -896.9    
303     62        10.00000E-01  -896.9    
303     63        10.00000E-01  -896.9    
303     64        10.00000E-01  -896.9    
303     65        10.00000E-01  -896.9    
303     66        10.00000E-01  -896.9    
303     67        10.00000E-01  -896.9    
303     68        10.00000E-01  -896.9    
303     69        10.00000E-01  -896.9    
303     70        10.00000E-01  -896.9    
303     71        10.00000E-01  -896.9    
303     72        10.00000E-01  -896.9    
303     73        10.00000E-01  -896.9    
303     74        10.00000E-01  -896.9    
303     75        10.00000E-01  -896.9    
303     76        10.00000E-01  -896.9    
303     77        10.00000E-01  -896.9    
303     78        10.00000E-01  -896.9    
303     79        10.00000E-01  -896.9    
303     80        10.00000E-01  -896.9    
303     81        10.00000E-01  -896.9    
303     82        10.00000E-01  -896.9    
303     83        10.00000E-01  -896.9    
303     84        10.00000E-01  -896.9    
303     85        10.00000E-01  -896.9    
303     86        10.00000E-01  -896.9    
303     87        10.00000E-01  -896.9    
303     88        10.00000E-01  -896.9    
303     89        10.00000E-01  -896.9    
303     90        10.00000E-01  -896.9    
303     91        10.00000E-01  -896.9    
303     92        10.00000E-01  -896.9    
303     93        10.00000E-01  -896.9    
303     94        10.00000E-01  -896.9    
303     95        10.00000E-01  -896.9    
303     96        10.00000E-01  -896.9    
303     97        10.00000E-01  -896.9    
303     98        10.00000E-01  -896.9    
303     99        10.00000E-01  -896.9    
303     100       10.00000E-01  -896.9    
303     101       10.00000E-01  -896.9    
303     102       10.00000E-01  -896.9    
303     103       10.00000E-01  -896.9    
303     104       10.00000E-01  -896.9    
303     105       10.00000E-01  -896.9    
303     106       10.00000E-01  -896.9    
303     107       10.00000E-01  -896.9    
303     108       10.00000E-01  -896.9    
303     109       10.00000E-01  -896.9    
303     110       10.00000E-01  -896.9    
303     111       10.00000E-01  -896.9    
303     112       10.00000E-01  -896.9    
303     113       10.00000E-01  -896.9    
303     114       10.00000E-01  -896.9    
303     115       10.00000E-01  -896.9    
303     116       10.00000E-01  -896.9    
303     117       10.00000E-01  -896.9    
303     118       10.00000E-01  -896.9    
303     119       10.00000E-01  -896.9    
303     120       10.00000E-01  -896.9    
303     121       10.00000E-01  -896.9    
303     122       10.00000E-01  -896.9    
303     123       10.00000E-01  -896.9    
303     124       10.00000E-01  -896.9    
303     125       10.00000E-01  -896.9    
303     126       10.00000E-01  -896.9    
303     127       10.00000E-01  -896.9    
303     128       10.00000E-01  -896.9    
303     129       10.00000E-01  -896.9    
303     130       10.00000E-01  -896.9    
303     131       10.00000E-01  -896.9    
303     132       10.00000E-01  -896.9    
303     133       10.00000E-01  -896.9    
303     134       10.00000E-01  -896.9    
303     135       10.00000E-01  -896.9    
303     136       10.00000E-01  -896.9    
303     137       10.00000E-01  -896.9    
303     138       10.00000E-01  -896.9    
303     139       10.00000E-01  -896.9    
303     140       10.00000E-01  -896.9    
303     141       10.00000E-01  -896.9    
303     142       10.00000E-01  -896.9    
303     143       10.00000E-01  -896.9    
303     144       10.00000E-01  -896.9    
303     145       10.00000E-01  -896.9    
303     146       10.00000E-01  -896.9    
303     147       10.00000E-01  -896.9    
303     148       10.00000E-01  -896.9    
303     149       10.00000E-01  -896.9    
303     150       10.00000E-01  -896.9    
303     151       10.00000E-01  -896.9    
303     152       10.00000E-01  -896.9    
303     153       10.00000E-01  -896.9    
303     154       10.00000E-01  -896.9    
303     155       10.00000E-01  -896.9    
303     156       10.00000E-01  -896.9    
303     157       10.00000E-01  -896.9    
303     158       10.00000E-01  -896.9    
303     159       10.00000E-01  -896.9    
303     160       10.00000E-01  -896.9    
303     161       10.00000E-01  -896.9    
303     162       10.00000E-01  -896.9    
303     163       10.00000E-01  -896.9    
303     164       10.00000E-01  -896.9    
303     165       10.00000E-01  -896.9    
303     166       10.00000E-01  -896.9    
303     167       10.00000E-01  -896.9    
303     168       10.00000E-01  -896.9    
303     169       10.00000E-01  -896.9    
303     170       10.00000E-01  -896.9    
303     171       10.00000E-01  -896.9    
303     172       10.00000E-01  -896.9    
303     173       10.00000E-01  -896.9    
303     174       10.00000E-01  -896.9    
303     175       10.00000E-01  -896.9    
303     176       10.00000E-01  -896.9    
303     177       10.00000E-01  -896.9    
303     178       10.00000E-01  -896.9    
303     179       10.00000E-01  -896.9    
303     180       10.00000E-01  -896.9    
303     181       10.00000E-01  -896.9    
303     182       10.00000E-01  -896.9    
303     183       10.00000E-01  -896.9    
303     184       10.00000E-01  -896.9    
303     185       10.00000E-01  -896.9    
303     186       10.00000E-01  -896.9    
303     187       10.00000E-01  -896.9    
303     188       10.00000E-01  -896.9    
303     189       10.00000E-01  -896.9    
303     190       10.00000E-01  -896.9    
303     191       10.00000E-01  -896.9    
303     192       10.00000E-01  -896.9    
303     193       10.00000E-01  -896.9    
303     194       10.00000E-01  -896.9    
303     195       10.00000E-01  -896.9    
303     196       10.00000E-01  -896.9    
303     197       10.00000E-01  -896.9    
303     198       10.00000E-01  -896.9    
303     199       10.00000E-01  -896.9    
303     200       10.00000E-01  -896.9    
303     201       10.00000E-01  -896.9    
303     202       10.00000E-01  -896.9    
303     203       10.00000E-01  -896.9    
303     204       10.00000E-01  -896.9    
303     205       10.00000E-01  -896.9    
303     206       10.00000E-01  -896.9    
303     207       10.00000E-01  -896.9    
303     208       10.00000E-01  -896.9    
303     209       10.00000E-01  -896.9    
303     210       10.00000E-01  -896.9    
303     211       10.00000E-01  -896.9    
303     212       10.00000E-01  -896.9    
303     213       10.00000E-01  -896.9    
303     214       10.00000E-01  -896.9    
303     215       10.00000E-01  -896.9    
303     216       10.00000E-01  -896.9    
303     217       10.00000E-01  -896.9    
303     218       10.00000E-01  -896.9    
303     219       10.00000E-01  -896.9    
303     220       10.00000E-01  -896.9    
303     221       10.00000E-01  -896.9    
303     222       10.00000E-01  -896.9    
303     223       10.00000E-01  -896.9    
303     224       10.00000E-01  -896.9    
303     225       10.00000E-01  -896.9    
303     226       10.00000E-01  -896.9    
303     227       10.00000E-01  -896.9    
303     228       10.00000E-01  -896.9    
303     229       10.00000E-01  -896.9    
303     230       10.00000E-01  -896.9    
303     231       10.00000E-01  -896.9    
303     232       10.00000E-01  -896.9    
303     233       10.00000E-01  -896.9    
303     234       10.00000E-01  -896.9    
303     235       10.00000E-01  -896.9    
303     236       10.00000E-01  -896.9    
303     237       10.00000E-01  -896.9    
303     238       10.00000E-01  -896.9    
303     239       10.00000E-01  -896.9    
303     240       10.00000E-01  -896.9    
303     241       10.00000E-01  -896.9    
303     242       10.00000E-01  -896.9    
303     243       10.00000E-01  -896.9    
303     244       10.00000E-01  -896.9    
303     245       10.00000E-01  -896.9    
303     246       10.00000E-01  -896.9    
303     247       10.00000E-01  -896.9    
303     248       10.00000E-01  -896.9    
303     249       10.00000E-01  -896.9    
303     250       10.00000E-01  -896.9    
303     251       10.00000E-01  -896.9    
303     252       10.00000E-01  -896.9    
303     253       10.00000E-01  -896.9    
303     254       10.00000E-01  -896.9    
303     255       10.00000E-01  -896.9    
#
# BFT2 X Layer
304     0         10.00000E-01  -896.8    
304     1         10.00000E-01  -896.8    
304     2         10.00000E-01  -896.8    
304     3         10.00000E-01  -896.8    
304     4         10.00000E-01  -896.8    
304     5         10.00000E-01  -896.8    
304     6         10.00000E-01  -896.8    
304     7         10.00000E-01  -896.8    
304     8         10.00000E-01  -896.8    
304     9         10.00000E-01  -896.8    
304     10        10.00000E-01  -896.8    
304     11        10.00000E-01  -896.8    
304     12        10.00000E-01  -896.8    
304     13        10.00000E-01  -896.8    
304     14        10.00000E-01  -896.8    
304     15        10.00000E-01  -896.8    
304     16        10.00000E-01  -896.8    
304     17        10.00000E-01  -896.8    
304     18        10.00000E-01  -896.8    
304     19        10.00000E-01  -896.8    
304     20        10.00000E-01  -896.8    
304     21        10.00000E-01  -896.8    
304     22        10.00000E-01  -896.8    
304     23        10.00000E-01  -896.8    
304     24        10.00000E-01  -896.8    
304     25        10.00000E-01  -896.8    
304     26        10.00000E-01  -896.8    
304     27        10.00000E-01  -896.8    
304     28        10.00000E-01  -896.8    
304     29        10.00000E-01  -896.8    
304     30        10.00000E-01  -896.8    
304     31        10.00000E-01  -896.8    
304     32        10.00000E-01  -896.8    
304     33        10.00000E-01  -896.8    
304     34        10.00000E-01  -896.8    
304     35        10.00000E-01  -896.8    
304     36        10.00000E-01  -896.8    
304     37        10.00000E-01  -896.8    
304     38        10.00000E-01  -896.8    
304     39        10.00000E-01  -896.8    
304     40        10.00000E-01  -896.8    
304     41        10.00000E-01  -896.8    
304     42        10.00000E-01  -896.8    
304     43        10.00000E-01  -896.8    
304     44        10.00000E-01  -896.8    
304     45        10.00000E-01  -896.8    
304     46        10.00000E-01  -896.8    
304     47        10.00000E-01  -896.8    
304     48        10.00000E-01  -896.8    
304     49        10.00000E-01  -896.8    
304     50        10.00000E-01  -896.8    
304     51        10.00000E-01  -896.8    
304     52        10.00000E-01  -896.8    
304     53        10.00000E-01  -896.8    
304     54        10.00000E-01  -896.8    
304     55        10.00000E-01  -896.8    
304     56        10.00000E-01  -896.8    
304     57        10.00000E-01  -896.8    
304     58        10.00000E-01  -896.8    
304     59        10.00000E-01  -896.8    
304     60        10.00000E-01  -896.8    
304     61        10.00000E-01  -896.8    
304     62        10.00000E-01  -896.8    
304     63        10.00000E-01  -896.8    
304     64        10.00000E-01  -896.8    
304     65        10.00000E-01  -896.8    
304     66        10.00000E-01  -896.8    
304     67        10.00000E-01  -896.8    
304     68        10.00000E-01  -896.8    
304     69        10.00000E-01  -896.8    
304     70        10.00000E-01  -896.8    
304     71        10.00000E-01  -896.8    
304     72        10.00000E-01  -896.8    
304     73        10.00000E-01  -896.8    
304     74        10.00000E-01  -896.8    
304     75        10.00000E-01  -896.8    
304     76        10.00000E-01  -896.8    
304     77        10.00000E-01  -896.8    
304     78        10.00000E-01  -896.8    
304     79        10.00000E-01  -896.8    
304     80        10.00000E-01  -896.8    
304     81        10.00000E-01  -896.8    
304     82        10.00000E-01  -896.8    
304     83        10.00000E-01  -896.8    
304     84        10.00000E-01  -896.8    
304     85        10.00000E-01  -896.8    
304     86        10.00000E-01  -896.8    
304     87        10.00000E-01  -896.8    
304     88        10.00000E-01  -896.8    
304     89        10.00000E-01  -896.8    
304     90        10.00000E-01  -896.8    
304     91        10.00000E-01  -896.8    
304     92        10.00000E-01  -896.8    
304     93        10.00000E-01  -896.8    
304     94        10.00000E-01  -896.8    
304     95        10.00000E-01  -896.8    
304     96        10.00000E-01  -896.8    
304     97        10.00000E-01  -896.8    
304     98        10.00000E-01  -896.8    
304     99        10.00000E-01  -896.8    
304     100       10.00000E-01  -896.8    
304     101       10.00000E-01  -896.8    
304     102       10.00000E-01  -896.8    
304     103       10.00000E-01  -896.8    
304     104       10.00000E-01  -896.8    
304     105       10.00000E-01  -896.8    
304     106       10.00000E-01  -896.8    
304     107       10.00000E-01  -896.8    
304     108       10.00000E-01  -896.8    
304     109       10.00000E-01  -896.8    
304     110       10.00000E-01  -896.8    
304     111       10.00000E-01  -896.8    
304     112       10.00000E-01  -896.8    
304     113       10.00000E-01  -896.8    
304     114       10.00000E-01  -896.8    
304     115       10.00000E-01  -896.8    
304     116       10.00000E-01  -896.8    
304     117       10.00000E-01  -896.8    
304     118       10.00000E-01  -896.8    
304     119       10.00000E-01  -896.8    
304     120       10.00000E-01  -896.8    
304     121       10.00000E-01  -896.8    
304     122       10.00000E-01  -896.8    
304     123       10.00000E-01  -896.8    
304     124       10.00000E-01  -896.8    
304     125       10.00000E-01  -896.8    
304     126       10.00000E-01  -896.8    
304     127       10.00000E-01  -896.8    
304     128       10.00000E-01  -896.8    
304     129       10.00000E-01  -896.8    
304     130       10.00000E-01  -896.8    
304     131       10.00000E-01  -896.8    
304     132       10.00000E-01  -896.8    
304     133       10.00000E-01  -896.8    
304     134       10.00000E-01  -896.8    
304     135       10.00000E-01  -896.8    
304     136       10.00000E-01  -896.8    
304     137       10.00000E-01  -896.8    
304     138       10.00000E-01  -896.8    
304     139       10.00000E-01  -896.8    
304     140       10.00000E-01  -896.8    
304     141       10.00000E-01  -896.8    
304     142       10.00000E-01  -896.8    
304     143       10.00000E-01  -896.8    
304     144       10.00000E-01  -896.8    
304     145       10.00000E-01  -896.8    
304     146       10.00000E-01  -896.8    
304     147       10.00000E-01  -896.8    
304     148       10.00000E-01  -896.8    
304     149       10.00000E-01  -896.8    
304     150       10.00000E-01  -896.8    
304     151       10.00000E-01  -896.8    
304     152       10.00000E-01  -896.8    
304     153       10.00000E-01  -896.8    
304     154       10.00000E-01  -896.8    
304     155       10.00000E-01  -896.8    
304     156       10.00000E-01  -896.8    
304     157       10.00000E-01  -896.8    
304     158       10.00000E-01  -896.8    
304     159       10.00000E-01  -896.8    
304     160       10.00000E-01  -896.8    
304     161       10.00000E-01  -896.8    
304     162       10.00000E-01  -896.8    
304     163       10.00000E-01  -896.8    
304     164       10.00000E-01  -896.8    
304     165       10.00000E-01  -896.8    
304     166       10.00000E-01  -896.8    
304     167       10.00000E-01  -896.8    
304     168       10.00000E-01  -896.8    
304     169       10.00000E-01  -896.8    
304     170       10.00000E-01  -896.8    
304     171       10.00000E-01  -896.8    
304     172       10.00000E-01  -896.8    
304     173       10.00000E-01  -896.8    
304     174       10.00000E-01  -896.8    
304     175       10.00000E-01  -896.8    
304     176       10.00000E-01  -896.8    
304     177       10.00000E-01  -896.8    
304     178       10.00000E-01  -896.8    
304     179       10.00000E-01  -896.8    
304     180       10.00000E-01  -896.8    
304     181       10.00000E-01  -896.8    
304     182       10.00000E-01  -896.8    
304     183       10.00000E-01  -896.8    
304     184       10.00000E-01  -896.8    
304     185       10.00000E-01  -896.8    
304     186       10.00000E-01  -896.8    
304     187       10.00000E-01  -896.8    
304     188       10.00000E-01  -896.8    
304     189       10.00000E-01  -896.8    
304     190       10.00000E-01  -896.8    
304     191       10.00000E-01  -896.8    
304     192       10.00000E-01  -896.8    
304     193       10.00000E-01  -896.8    
304     194       10.00000E-01  -896.8    
304     195       10.00000E-01  -896.8    
304     196       10.00000E-01  -896.8    
304     197       10.00000E-01  -896.8    
304     198       10.00000E-01  -896.8    
304     199       10.00000E-01  -896.8    
304     200       10.00000E-01  -896.8    
304     201       10.00000E-01  -896.8    
304     202       10.00000E-01  -896.8    
304     203       10.00000E-01  -896.8    
304     204       10.00000E-01  -896.8    
304     205       10.00000E-01  -896.8    
304     206       10.00000E-01  -896.8    
304     207       10.00000E-01  -896.8    
304     208       10.00000E-01  -896.8    
304     209       10.00000E-01  -896.8    
304     210       10.00000E-01  -896.8    
304     211       10.00000E-01  -896.8    
304     212       10.00000E-01  -896.8    
304     213       10.00000E-01  -896.8    
304     214       10.00000E-01  -896.8    
304     215       10.00000E-01  -896.8    
304     216       10.00000E-01  -896.8    
304     217       10.00000E-01  -896.8    
304     218       10.00000E-01  -896.8    
304     219       10.00000E-01  -896.8    
304     220       10.00000E-01  -896.8    
304     221       10.00000E-01  -896.8    
304     222       10.00000E-01  -896.8    
304     223       10.00000E-01  -896.8    
304     224       10.00000E-01  -896.8    
304     225       10.00000E-01  -896.8    
304     226       10.00000E-01  -896.8    
304     227       10.00000E-01  -896.8    
304     228       10.00000E-01  -896.8    
304     229       10.00000E-01  -896.8    
304     230       10.00000E-01  -896.8    
304     231       10.00000E-01  -896.8    
304     232       10.00000E-01  -896.8    
304     233       10.00000E-01  -896.8    
304     234       10.00000E-01  -896.8    
304     235       10.00000E-01  -896.8    
304     236       10.00000E-01  -896.8    
304     237       10.00000E-01  -896.8    
304     238       10.00000E-01  -896.8    
304     239       10.00000E-01  -896.8    
304     240       10.00000E-01  -896.8    
304     241       10.00000E-01  -896.8    
304     242       10.00000E-01  -896.8    
304     243       10.00000E-01  -896.8    
304     244       10.00000E-01  -896.8    
304     245       10.00000E-01  -896.8    
304     246       10.00000E-01  -896.8    
304     247       10.00000E-01  -896.8    
304     248       10.00000E-01  -896.8    
304     249       10.00000E-01  -896.8    
304     250       10.00000E-01  -896.8    
304     251       10.00000E-01  -896.8    
304     252       10.00000E-01  -896.8    
304     253       10.00000E-01  -896.8    
304     254       10.00000E-01  -896.8    
304     255       10.00000E-01  -896.8    
#
# BFT2 U Layer
305     0         10.00000E-01  -897.2    
305     1         10.00000E-01  -897.2    
305     2         10.00000E-01  -897.2    
305     3         10.00000E-01  -897.2    
305     4         10.00000E-01  -897.2    
305     5         10.00000E-01  -897.2    
305     6         10.00000E-01  -897.2    
305     7         10.00000E-01  -897.2    
305     8         10.00000E-01  -897.2    
305     9         10.00000E-01  -897.2    
305     10        10.00000E-01  -897.2    
305     11        10.00000E-01  -897.2    
305     12        10.00000E-01  -897.2    
305     13        10.00000E-01  -897.2    
305     14        10.00000E-01  -897.2    
305     15        10.00000E-01  -897.2    
305     16        10.00000E-01  -897.2    
305     17        10.00000E-01  -897.2    
305     18        10.00000E-01  -897.2    
305     19        10.00000E-01  -897.2    
305     20        10.00000E-01  -897.2    
305     21        10.00000E-01  -897.2    
305     22        10.00000E-01  -897.2    
305     23        10.00000E-01  -897.2    
305     24        10.00000E-01  -897.2    
305     25        10.00000E-01  -897.2    
305     26        10.00000E-01  -897.2    
305     27        10.00000E-01  -897.2    
305     28        10.00000E-01  -897.2    
305     29        10.00000E-01  -897.2    
305     30        10.00000E-01  -897.2    
305     31        10.00000E-01  -897.2    
305     32        10.00000E-01  -897.2    
305     33        10.00000E-01  -897.2    
305     34        10.00000E-01  -897.2    
305     35        10.00000E-01  -897.2    
305     36        10.00000E-01  -897.2    
305     37        10.00000E-01  -897.2    
305     38        10.00000E-01  -897.2    
305     39        10.00000E-01  -897.2    
305     40        10.00000E-01  -897.2    
305     41        10.00000E-01  -897.2    
305     42        10.00000E-01  -897.2    
305     43        10.00000E-01  -897.2    
305     44        10.00000E-01  -897.2    
305     45        10.00000E-01  -897.2    
305     46        10.00000E-01  -897.2    
305     47        10.00000E-01  -897.2    
305     48        10.00000E-01  -897.2    
305     49        10.00000E-01  -897.2    
305     50        10.00000E-01  -897.2    
305     51        10.00000E-01  -897.2    
305     52        10.00000E-01  -897.2    
305     53        10.00000E-01  -897.2    
305     54        10.00000E-01  -897.2    
305     55        10.00000E-01  -897.2    
305     56        10.00000E-01  -897.2    
305     57        10.00000E-01  -897.2    
305     58        10.00000E-01  -897.2    
305     59        10.00000E-01  -897.2    
305     60        10.00000E-01  -897.2    
305     61        10.00000E-01  -897.2    
305     62        10.00000E-01  -897.2    
305     63        10.00000E-01  -897.2    
305     64        10.00000E-01  -897.2    
305     65        10.00000E-01  -897.2    
305     66        10.00000E-01  -897.2    
305     67        10.00000E-01  -897.2    
305     68        10.00000E-01  -897.2    
305     69        10.00000E-01  -897.2    
305     70        10.00000E-01  -897.2    
305     71        10.00000E-01  -897.2    
305     72        10.00000E-01  -897.2    
305     73        10.00000E-01  -897.2    
305     74        10.00000E-01  -897.2    
305     75        10.00000E-01  -897.2    
305     76        10.00000E-01  -897.2    
305     77        10.00000E-01  -897.2    
305     78        10.00000E-01  -897.2    
305     79        10.00000E-01  -897.2    
305     80        10.00000E-01  -897.2    
305     81        10.00000E-01  -897.2    
305     82        10.00000E-01  -897.2    
305     83        10.00000E-01  -897.2    
305     84        10.00000E-01  -897.2    
305     85        10.00000E-01  -897.2    
305     86        10.00000E-01  -897.2    
305     87        10.00000E-01  -897.2    
305     88        10.00000E-01  -897.2    
305     89        10.00000E-01  -897.2    
305     90        10.00000E-01  -897.2    
305     91        10.00000E-01  -897.2    
305     92        10.00000E-01  -897.2    
305     93        10.00000E-01  -897.2    
305     94        10.00000E-01  -897.2    
305     95        10.00000E-01  -897.2    
305     96        10.00000E-01  -897.2    
305     97        10.00000E-01  -897.2    
305     98        10.00000E-01  -897.2    
305     99        10.00000E-01  -897.2    
305     100       10.00000E-01  -897.2    
305     101       10.00000E-01  -897.2    
305     102       10.00000E-01  -897.2    
305     103       10.00000E-01  -897.2    
305     104       10.00000E-01  -897.2    
305     105       10.00000E-01  -897.2    
305     106       10.00000E-01  -897.2    
305     107       10.00000E-01  -897.2    
305     108       10.00000E-01  -897.2    
305     109       10.00000E-01  -897.2    
305     110       10.00000E-01  -897.2    
305     111       10.00000E-01  -897.2    
305     112       10.00000E-01  -897.2    
305     113       10.00000E-01  -897.2    
305     114       10.00000E-01  -897.2    
305     115       10.00000E-01  -897.2    
305     116       10.00000E-01  -897.2    
305     117       10.00000E-01  -897.2    
305     118       10.00000E-01  -897.2    
305     119       10.00000E-01  -897.2    
305     120       10.00000E-01  -897.2    
305     121       10.00000E-01  -897.2    
305     122       10.00000E-01  -897.2    
305     123       10.00000E-01  -897.2    
305     124       10.00000E-01  -897.2    
305     125       10.00000E-01  -897.2    
305     126       10.00000E-01  -897.2    
305     127       10.00000E-01  -897.2    
305     128       10.00000E-01  -897.2    
305     129       10.00000E-01  -897.2    
305     130       10.00000E-01  -897.2    
305     131       10.00000E-01  -897.2    
305     132       10.00000E-01  -897.2    
305     133       10.00000E-01  -897.2    
305     134       10.00000E-01  -897.2    
305     135       10.00000E-01  -897.2    
305     136       10.00000E-01  -897.2    
305     137       10.00000E-01  -897.2    
305     138       10.00000E-01  -897.2    
305     139       10.00000E-01  -897.2    
305     140       10.00000E-01  -897.2    
305     141       10.00000E-01  -897.2    
305     142       10.00000E-01  -897.2    
305     143       10.00000E-01  -897.2    
305     144       10.00000E-01  -897.2    
305     145       10.00000E-01  -897.2    
305     146       10.00000E-01  -897.2    
305     147       10.00000E-01  -897.2    
305     148       10.00000E-01  -897.2    
305     149       10.00000E-01  -897.2    
305     150       10.00000E-01  -897.2    
305     151       10.00000E-01  -897.2    
305     152       10.00000E-01  -897.2    
305     153       10.00000E-01  -897.2    
305     154       10.00000E-01  -897.2    
305     155       10.00000E-01  -897.2    
305     156       10.00000E-01  -897.2    
305     157       10.00000E-01  -897.2    
305     158       10.00000E-01  -897.2    
305     159       10.00000E-01  -897.2    
305     160       10.00000E-01  -897.2    
305     161       10.00000E-01  -897.2    
305     162       10.00000E-01  -897.2    
305     163       10.00000E-01  -897.2    
305     164       10.00000E-01  -897.2    
305     165       10.00000E-01  -897.2    
305     166       10.00000E-01  -897.2    
305     167       10.00000E-01  -897.2    
305     168       10.00000E-01  -897.2    
305     169       10.00000E-01  -897.2    
305     170       10.00000E-01  -897.2    
305     171       10.00000E-01  -897.2    
305     172       10.00000E-01  -897.2    
305     173       10.00000E-01  -897.2    
305     174       10.00000E-01  -897.2    
305     175       10.00000E-01  -897.2    
305     176       10.00000E-01  -897.2    
305     177       10.00000E-01  -897.2    
305     178       10.00000E-01  -897.2    
305     179       10.00000E-01  -897.2    
305     180       10.00000E-01  -897.2    
305     181       10.00000E-01  -897.2    
305     182       10.00000E-01  -897.2    
305     183       10.00000E-01  -897.2    
305     184       10.00000E-01  -897.2    
305     185       10.00000E-01  -897.2    
305     186       10.00000E-01  -897.2    
305     187       10.00000E-01  -897.2    
305     188       10.00000E-01  -897.2    
305     189       10.00000E-01  -897.2    
305     190       10.00000E-01  -897.2    
305     191       10.00000E-01  -897.2    
305     192       10.00000E-01  -897.2    
305     193       10.00000E-01  -897.2    
305     194       10.00000E-01  -897.2    
305     195       10.00000E-01  -897.2    
305     196       10.00000E-01  -897.2    
305     197       10.00000E-01  -897.2    
305     198       10.00000E-01  -897.2    
305     199       10.00000E-01  -897.2    
305     200       10.00000E-01  -897.2    
305     201       10.00000E-01  -897.2    
305     202       10.00000E-01  -897.2    
305     203       10.00000E-01  -897.2    
305     204       10.00000E-01  -897.2    
305     205       10.00000E-01  -897.2    
305     206       10.00000E-01  -897.2    
305     207       10.00000E-01  -897.2    
305     208       10.00000E-01  -897.2    
305     209       10.00000E-01  -897.2    
305     210       10.00000E-01  -897.2    
305     211       10.00000E-01  -897.2    
305     212       10.00000E-01  -897.2    
305     213       10.00000E-01  -897.2    
305     214       10.00000E-01  -897.2    
305     215       10.00000E-01  -897.2    
305     216       10.00000E-01  -897.2    
305     217       10.00000E-01  -897.2    
305     218       10.00000E-01  -897.2    
305     219       10.00000E-01  -897.2    
305     220       10.00000E-01  -897.2    
305     221       10.00000E-01  -897.2    
305     222       10.00000E-01  -897.2    
305     223       10.00000E-01  -897.2    
305     224       10.00000E-01  -897.2    
305     225       10.00000E-01  -897.2    
305     226       10.00000E-01  -897.2    
305     227       10.00000E-01  -897.2    
305     228       10.00000E-01  -897.2    
305     229       10.00000E-01  -897.2    
305     230       10.00000E-01  -897.2    
305     231       10.00000E-01  -897.2    
305     232       10.00000E-01  -897.2    
305     233       10.00000E-01  -897.2    
305     234       10.00000E-01  -897.2    
305     235       10.00000E-01  -897.2    
305     236       10.00000E-01  -897.2    
305     237       10.00000E-01  -897.2    
305     238       10.00000E-01  -897.2    
305     239       10.00000E-01  -897.2    
305     240       10.00000E-01  -897.2    
305     241       10.00000E-01  -897.2    
305     242       10.00000E-01  -897.2    
305     243       10.00000E-01  -897.2    
305     244       10.00000E-01  -897.2    
305     245       10.00000E-01  -897.2    
305     246       10.00000E-01  -897.2    
305     247       10.00000E-01  -897.2    
305     248       10.00000E-01  -897.2    
305     249       10.00000E-01  -897.2    
305     250       10.00000E-01  -897.2    
305     251       10.00000E-01  -897.2    
305     252       10.00000E-01  -897.2    
305     253       10.00000E-01  -897.2    
305     254       10.00000E-01  -897.2    
305     255       10.00000E-01  -897.2    
#
# BFT2 V Layer
306     0         10.00000E-01  -897.3    
306     1         10.00000E-01  -897.3    
306     2         10.00000E-01  -897.3    
306     3         10.00000E-01  -897.3    
306     4         10.00000E-01  -897.3    
306     5         10.00000E-01  -897.3    
306     6         10.00000E-01  -897.3    
306     7         10.00000E-01  -897.3    
306     8         10.00000E-01  -897.3    
306     9         10.00000E-01  -897.3    
306     10        10.00000E-01  -897.3    
306     11        10.00000E-01  -897.3    
306     12        10.00000E-01  -897.3    
306     13        10.00000E-01  -897.3    
306     14        10.00000E-01  -897.3    
306     15        10.00000E-01  -897.3    
306     16        10.00000E-01  -897.3    
306     17        10.00000E-01  -897.3    
306     18        10.00000E-01  -897.3    
306     19        10.00000E-01  -897.3    
306     20        10.00000E-01  -897.3    
306     21        10.00000E-01  -897.3    
306     22        10.00000E-01  -897.3    
306     23        10.00000E-01  -897.3    
306     24        10.00000E-01  -897.3    
306     25        10.00000E-01  -897.3    
306     26        10.00000E-01  -897.3    
306     27        10.00000E-01  -897.3    
306     28        10.00000E-01  -897.3    
306     29        10.00000E-01  -897.3    
306     30        10.00000E-01  -897.3    
306     31        10.00000E-01  -897.3    
306     32        10.00000E-01  -897.3    
306     33        10.00000E-01  -897.3    
306     34        10.00000E-01  -897.3    
306     35        10.00000E-01  -897.3    
306     36        10.00000E-01  -897.3    
306     37        10.00000E-01  -897.3    
306     38        10.00000E-01  -897.3    
306     39        10.00000E-01  -897.3    
306     40        10.00000E-01  -897.3    
306     41        10.00000E-01  -897.3    
306     42        10.00000E-01  -897.3    
306     43        10.00000E-01  -897.3    
306     44        10.00000E-01  -897.3    
306     45        10.00000E-01  -897.3    
306     46        10.00000E-01  -897.3    
306     47        10.00000E-01  -897.3    
306     48        10.00000E-01  -897.3    
306     49        10.00000E-01  -897.3    
306     50        10.00000E-01  -897.3    
306     51        10.00000E-01  -897.3    
306     52        10.00000E-01  -897.3    
306     53        10.00000E-01  -897.3    
306     54        10.00000E-01  -897.3    
306     55        10.00000E-01  -897.3    
306     56        10.00000E-01  -897.3    
306     57        10.00000E-01  -897.3    
306     58        10.00000E-01  -897.3    
306     59        10.00000E-01  -897.3    
306     60        10.00000E-01  -897.3    
306     61        10.00000E-01  -897.3    
306     62        10.00000E-01  -897.3    
306     63        10.00000E-01  -897.3    
306     64        10.00000E-01  -897.3    
306     65        10.00000E-01  -897.3    
306     66        10.00000E-01  -897.3    
306     67        10.00000E-01  -897.3    
306     68        10.00000E-01  -897.3    
306     69        10.00000E-01  -897.3    
306     70        10.00000E-01  -897.3    
306     71        10.00000E-01  -897.3    
306     72        10.00000E-01  -897.3    
306     73        10.00000E-01  -897.3    
306     74        10.00000E-01  -897.3    
306     75        10.00000E-01  -897.3    
306     76        10.00000E-01  -897.3    
306     77        10.00000E-01  -897.3    
306     78        10.00000E-01  -897.3    
306     79        10.00000E-01  -897.3    
306     80        10.00000E-01  -897.3    
306     81        10.00000E-01  -897.3    
306     82        10.00000E-01  -897.3    
306     83        10.00000E-01  -897.3    
306     84        10.00000E-01  -897.3    
306     85        10.00000E-01  -897.3    
306     86        10.00000E-01  -897.3    
306     87        10.00000E-01  -897.3    
306     88        10.00000E-01  -897.3    
306     89        10.00000E-01  -897.3    
306     90        10.00000E-01  -897.3    
306     91        10.00000E-01  -897.3    
306     92        10.00000E-01  -897.3    
306     93        10.00000E-01  -897.3    
306     94        10.00000E-01  -897.3    
306     95        10.00000E-01  -897.3    
306     96        10.00000E-01  -897.3    
306     97        10.00000E-01  -897.3    
306     98        10.00000E-01  -897.3    
306     99        10.00000E-01  -897.3    
306     100       10.00000E-01  -897.3    
306     101       10.00000E-01  -897.3    
306     102       10.00000E-01  -897.3    
306     103       10.00000E-01  -897.3    
306     104       10.00000E-01  -897.3    
306     105       10.00000E-01  -897.3    
306     106       10.00000E-01  -897.3    
306     107       10.00000E-01  -897.3    
306     108       10.00000E-01  -897.3    
306     109       10.00000E-01  -897.3    
306     110       10.00000E-01  -897.3    
306     111       10.00000E-01  -897.3    
306     112       10.00000E-01  -897.3    
306     113       10.00000E-01  -897.3    
306     114       10.00000E-01  -897.3    
306     115       10.00000E-01  -897.3    
306     116       10.00000E-01  -897.3    
306     117       10.00000E-01  -897.3    
306     118       10.00000E-01  -897.3    
306     119       10.00000E-01  -897.3    
306     120       10.00000E-01  -897.3    
306     121       10.00000E-01  -897.3    
306     122       10.00000E-01  -897.3    
306     123       10.00000E-01  -897.3    
306     124       10.00000E-01  -897.3    
306     125       10.00000E-01  -897.3    
306     126       10.00000E-01  -897.3    
306     127       10.00000E-01  -897.3    
306     128       10.00000E-01  -897.3    
306     129       10.00000E-01  -897.3    
306     130       10.00000E-01  -897.3    
306     131       10.00000E-01  -897.3    
306     132       10.00000E-01  -897.3    
306     133       10.00000E-01  -897.3    
306     134       10.00000E-01  -897.3    
306     135       10.00000E-01  -897.3    
306     136       10.00000E-01  -897.3    
306     137       10.00000E-01  -897.3    
306     138       10.00000E-01  -897.3    
306     139       10.00000E-01  -897.3    
306     140       10.00000E-01  -897.3    
306     141       10.00000E-01  -897.3    
306     142       10.00000E-01  -897.3    
306     143       10.00000E-01  -897.3    
306     144       10.00000E-01  -897.3    
306     145       10.00000E-01  -897.3    
306     146       10.00000E-01  -897.3    
306     147       10.00000E-01  -897.3    
306     148       10.00000E-01  -897.3    
306     149       10.00000E-01  -897.3    
306     150       10.00000E-01  -897.3    
306     151       10.00000E-01  -897.3    
306     152       10.00000E-01  -897.3    
306     153       10.00000E-01  -897.3    
306     154       10.00000E-01  -897.3    
306     155       10.00000E-01  -897.3    
306     156       10.00000E-01  -897.3    
306     157       10.00000E-01  -897.3    
306     158       10.00000E-01  -897.3    
306     159       10.00000E-01  -897.3    
306     160       10.00000E-01  -897.3    
306     161       10.00000E-01  -897.3    
306     162       10.00000E-01  -897.3    
306     163       10.00000E-01  -897.3    
306     164       10.00000E-01  -897.3    
306     165       10.00000E-01  -897.3    
306     166       10.00000E-01  -897.3    
306     167       10.00000E-01  -897.3    
306     168       10.00000E-01  -897.3    
306     169       10.00000E-01  -897.3    
306     170       10.00000E-01  -897.3    
306     171       10.00000E-01  -897.3    
306     172       10.00000E-01  -897.3    
306     173       10.00000E-01  -897.3    
306     174       10.00000E-01  -897.3    
306     175       10.00000E-01  -897.3    
306     176       10.00000E-01  -897.3    
306     177       10.00000E-01  -897.3    
306     178       10.00000E-01  -897.3    
306     179       10.00000E-01  -897.3    
306     180       10.00000E-01  -897.3    
306     181       10.00000E-01  -897.3    
306     182       10.00000E-01  -897.3    
306     183       10.00000E-01  -897.3    
306     184       10.00000E-01  -897.3    
306     185       10.00000E-01  -897.3    
306     186       10.00000E-01  -897.3    
306     187       10.00000E-01  -897.3    
306     188       10.00000E-01  -897.3    
306     189       10.00000E-01  -897.3    
306     190       10.00000E-01  -897.3    
306     191       10.00000E-01  -897.3    
306     192       10.00000E-01  -897.3    
306     193       10.00000E-01  -897.3    
306     194       10.00000E-01  -897.3    
306     195       10.00000E-01  -897.3    
306     196       10.00000E-01  -897.3    
306     197       10.00000E-01  -897.3    
306     198       10.00000E-01  -897.3    
306     199       10.00000E-01  -897.3    
306     200       10.00000E-01  -897.3    
306     201       10.00000E-01  -897.3    
306     202       10.00000E-01  -897.3    
306     203       10.00000E-01  -897.3    
306     204       10.00000E-01  -897.3    
306     205       10.00000E-01  -897.3    
306     206       10.00000E-01  -897.3    
306     207       10.00000E-01  -897.3    
306     208       10.00000E-01  -897.3    
306     209       10.00000E-01  -897.3    
306     210       10.00000E-01  -897.3    
306     211       10.00000E-01  -897.3    
306     212       10.00000E-01  -897.3    
306     213       10.00000E-01  -897.3    
306     214       10.00000E-01  -897.3    
306     215       10.00000E-01  -897.3    
306     216       10.00000E-01  -897.3    
306     217       10.00000E-01  -897.3    
306     218       10.00000E-01  -897.3    
306     219       10.00000E-01  -897.3    
306     220       10.00000E-01  -897.3    
306     221       10.00000E-01  -897.3    
306     222       10.00000E-01  -897.3    
306     223       10.00000E-01  -897.3    
306     224       10.00000E-01  -897.3    
306     225       10.00000E-01  -897.3    
306     226       10.00000E-01  -897.3    
306     227       10.00000E-01  -897.3    
306     228       10.00000E-01  -897.3    
306     229       10.00000E-01  -897.3    
306     230       10.00000E-01  -897.3    
306     231       10.00000E-01  -897.3    
306     232       10.00000E-01  -897.3    
306     233       10.00000E-01  -897.3    
306     234       10.00000E-01  -897.3    
306     235       10.00000E-01  -897.3    
306     236       10.00000E-01  -897.3    
306     237       10.00000E-01  -897.3    
306     238       10.00000E-01  -897.3    
306     239       10.00000E-01  -897.3    
306     240       10.00000E-01  -897.3    
306     241       10.00000E-01  -897.3    
306     242       10.00000E-01  -897.3    
306     243       10.00000E-01  -897.3    
306     244       10.00000E-01  -897.3    
306     245       10.00000E-01  -897.3
306     246       10.00000E-01  -897.3 
306     247       10.00000E-01  -897.3 
306     248       10.00000E-01  -897.3 
306     249       10.00000E-01  -897.3 
306     250       10.00000E-01  -897.3 
306     251       10.00000E-01  -897.3 
306     252       10.00000E-01  -897.3 
306     253       10.00000E-01  -897.3 
306     254       10.00000E-01  -897.3  
306     255       10.00000E-01  -897.3