#
# HodoParam.20100219_0
#
#
# CId	LayId	SegId	TorTot	UorD	c0      c1      p0	p1
#
# -------------------------------------------------------------------
#
# UTOF TDC
#
 3	0	1	0	0       990.0   1010.0	 1000.0 1.0
 3	0	1	0	1       990.0   1010.0	 1001.0 1.0
#
# UTOF TOT
#
 3	0	1	1	0       0.0     0.0	 0.0	26.4
 3	0	1	1	1       0.0     0.0	 0.0	27.6
#
# DTOF TDC
# 
 4      0       1       0       0       1005.0  1105.0   1013.3 1.0        
 4      0       1       0       1       1000.0  1100.0   1013.5 1.0   
 4      0       2       0       0       1005.0  1105.0   1013.5 1.0    
 4      0       2       0       1       1000.0  1100.0   1014.2 1.0    
 4      0       3       0       0       1005.0  1105.0   1013.4 1.0   
 4      0       3       0       1       1000.0  1100.0   1013.2 1.0    
#
# DTOF TOT
#
 4      0       1       1       0       0.0     0.0       0.0    15.3       
 4      0       1       1       1       0.0     0.0       0.0    14.3
 4      0       2       1       0       0.0     0.0       0.0    8.6
 4      0       2       1       1       0.0     0.0       0.0    7.9
 4      0       3       1       0       0.0     0.0       0.0    11.8
 4      0       3       1       1       0.0     0.0       0.0    12.4
#
# LTOF TDC
#
 5      0       1       0       0       1040.0  1140.0    1049.6 1.0    
 5      0       1       0       1       1040.0  1140.0    1050.3 1.0    
 5      0       2       0       0       1040.0  1140.0    1049.6 1.0    
 5      0       2       0       1       1040.0  1140.0    1049.9 1.0    
 5      0       3       0       0       1040.0  1140.0    1050.4 1.0    
 5      0       3       0       1       1040.0  1140.0    1050.2 1.0    
 5      0       4       0       0       1040.0  1140.0    1050.1 1.0    
 5      0       4       0       1       1040.0  1140.0    1049.7 1.0    
 5      0       5       0       0       1040.0  1140.0    1049.1 1.0    
 5      0       5       0       1       1040.0  1140.0    1049.5 1.0
 5      0       6       0       0       1040.0  1140.0    1049.7 1.0
 5      0       6       0       1       1040.0  1140.0    1049.2 1.0
#
# LTOF TOT
#
 5      0       1       1       0       0.0     0.0       0.0    33.5   
 5      0       1       1       1       0.0     0.0       0.0    33.3
 5      0       2       1       0       0.0     0.0       0.0    19.5
 5      0       2       1       1       0.0     0.0       0.0    18.6
 5      0       3       1       0       0.0     0.0       0.0    27.6
 5      0       3       1       1       0.0     0.0       0.0    24.6
 5      0       4       1       0       0.0     0.0       0.0    29.8
 5      0       4       1       1       0.0     0.0       0.0    30.9
 5      0       5       1       0       0.0     0.0       0.0    32.8
 5      0       5       1       1       0.0     0.0       0.0    31.7
 5      0       6       1       0       0.0     0.0       0.0    32.0
 5      0       6       1       1       0.0     0.0       0.0    36.7
#
# T0 TDC
# 
 6      0       1       0       0       995.0   1045.0   1000.7 1.0    
 6      0       1       0       1       995.0   1045.0   1000.3 1.0    
 6      0       2       0       0       995.0   1045.0   1000.5 1.0    
 6      0       2       0       1       995.0   1045.0   1001.3 1.0    
 6      0       3       0       0       995.0   1045.0   1000.8 1.0    
 6      0       3       0       1       995.0   1045.0   1000.7 1.0    
 6      0       4       0       0       995.0   1045.0   1000.8 1.0    
 6      0       4       0       1       995.0   1045.0   1000.5 1.0    
 6      0       5       0       0       995.0   1045.0   1002.2 1.0    
 6      0       5       0       1       995.0   1045.0   1000.8 1.0    
 6      0       6       0       0       995.0   1045.0   1000.9 1.0    
 6      0       6       0       1       995.0   1045.0   1002.2 1.0    
 6      0       7       0       0       995.0   1045.0   1001.1 1.0    
 6      0       7       0       1       995.0   1045.0   1001.1 1.0    
 6      0       8       0       0       995.0   1045.0   1001.8 1.0    
 6      0       8       0       1       995.0   1045.0   1001.3 1.0    
#
# T0 TOT
#
 6      0       1       1       0       0.0     0.0      0.0    12.4    
 6      0       1       1       1       0.0     0.0      0.0    11.5    
 6      0       2       1       0       0.0     0.0      0.0    12.7    
 6      0       2       1       1       0.0     0.0      0.0    11.7    
 6      0       3       1       0       0.0     0.0      0.0    11.3    
 6      0       3       1       1       0.0     0.0      0.0    12.3    
 6      0       4       1       0       0.0     0.0      0.0    12.8    
 6      0       4       1       1       0.0     0.0      0.0    11.9    
 6      0       5       1       0       0.0     0.0      0.0    14.3    
 6      0       5       1       1       0.0     0.0      0.0    11.6    
 6      0       6       1       0       0.0     0.0      0.0    13.5    
 6      0       6       1       1       0.0     0.0      0.0    11.8    
 6      0       7       1       0       0.0     0.0      0.0    13.0    
 6      0       7       1       1       0.0     0.0      0.0    12.4    
 6      0       8       1       0       0.0     0.0      0.0    13.3    
 6      0       8       1       1       0.0     0.0      0.0    12.3
#
# T0 REF TDC
#
 7	0	1	0	0       995.0   1055.0	 999.2 1.0
 7	0	1	0	1       995.0   1055.0	 999.2 1.0       
#
# T0 REF TOT
#
 7	0	1	1	0       0.0     0.0	 0.0    16.1
 7	0	1	1	1       0.0     0.0	 0.0    12.3     
#
# BFT REF TDC
#
 8	0	1	0	0       1015.0   1030.0	 1024.7 1.0
 8	0	1	0	1       1015.0   1030.0	 1024.7 1.0       
#
# BFT REF TOT
#
 8	0	1	1	0       0.0      0.0     0.0    16.8
 8	0	1	1	1       0.0      0.0	 0.0    16.8
#
# T1 TDC
#
 9      0       1       0       0       1120.0   1140.0   1130.0 1.0
 9      0       1       0       1       1120.0   1140.0   1130.0 1.0
#
# T1 TOT        
#
 9      0       1       1       0       0.0     0.0      0.0    26.4
 9      0       1       1       1       0.0     0.0      0.0    25.8
#
# BHT TDC
#
 10	0	1	0	0       0.0     0.0	 1.0    1.0
#
# BHT TOT
#
 10	0	1	1	0       0.0     0.0	 0.0    1.0
#