#
# param_DetGeom001
#
# Id Name       X[mm]    Y[mm]    Z[mm] TA[deg] RA1[deg] RA2[deg]   L[mm]  Res[mm]  W0   dXdW    Ofs
#
   0 Target     00.00    00.00    00.00   00.00   00.00    00.00    00.00  10.000    0.00   0.00   0.00
#
# BDC
 101 BDC1-x-1   00.00    00.00   100.00   00.00   00.00    00.00   100.00   0.300   58.50  20.944   0.00
 102 BDC1-x-2   00.00    00.00   110.00   00.00   00.00    00.00   110.00   0.300   59.00  21.075   0.00
 103 BDC1-u-1   00.00    00.00   130.00    6.00   00.00    00.00   130.00   0.300   58.00  21.337   0.00
 104 BDC1-v-1   00.00    00.00   150.00   -6.00   00.00    00.00   150.00   0.300   52.00  21.598   0.00
 105 BDC2-x-1   00.00    00.00   700.00   00.00   00.00    00.00   700.00   0.300   58.50  20.944   0.00
 106 BDC2-x-2   00.00    00.00   710.00   00.00   00.00    00.00   710.00   0.300   59.00  21.075   0.00
 107 BDC2-u-1   00.00    00.00   730.00    6.00   00.00    00.00   730.00   0.300   58.00  21.337   0.00
 108 BDC2-v-1   00.00    00.00   750.00   -6.00   00.00    00.00   750.00   0.300   52.00  21.598   0.00
#
# KLDC
 201 KLDC1-v-1  00.00    00.00   499.00  -45.00   00.00    00.00   499.00   0.150   64.00  9.007  -0.02
 202 KLDC1-v-2  00.00    00.00   506.80  -45.00   00.00    00.00   506.80   0.150   64.50  9.007   0.04
 203 KLDC1-u-1  00.00    00.00   523.20   45.00   00.00    00.00   523.20   0.150   64.50  9.007  -0.05
 204 KLDC1-u-2  00.00    00.00   531.00   45.00   00.00    00.00   531.00   0.150   64.00  9.007   0.01
 205 KLDC2-u-2  00.00    00.00   626.80   45.00   00.00    00.00   626.80   0.150   64.50  9.007   0.02
 206 KLDC2-u-1  00.00    00.00   619.00   45.00   00.00    00.00   619.00   0.150   64.00  9.007  -0.05
 207 KLDC2-v-2  00.00    00.00   651.00  -45.00   00.00    00.00   651.00   0.150   64.00  9.007   0.02
 208 KLDC2-v-1  00.00    00.00   643.20  -45.00   00.00    00.00   643.20   0.150   64.50  9.007  -0.01
#
# BFT
 301 BFT1-x     00.00    00.00  -347.85   00.00   00.00    00.00  -347.85   0.210   128.00  0.55   0.435
 302 BFT1-u     00.00    00.00  -343.85   30.00   00.00    00.00  -343.85   0.210   128.00  0.55   -0.03
 303 BFT1-v     00.00    00.00  -339.85  -30.00   00.00    00.00  -339.85   0.210   128.00  0.55   -0.02
 304 BFT2-x     00.00    00.00  -147.85   00.00   00.00    00.00  -147.85   0.210   128.00  0.55   0.23
 305 BFT2-u     00.00    00.00  -143.85   30.00   00.00    00.00  -143.85   0.210   128.00  0.55   0.00
 306 BFT2-v     00.00    00.00  -139.85  -30.00   00.00    00.00  -139.85   0.210   128.00  0.55   0.00
#
#Counters
  21 LTOF       00.00    00.00  2195.00   00.00   00.00    00.00  2195.00  10.000    0.00   0.00   0.00
#
