#PlaneID  FiberId   p0(offset)  p1  p2
######
#time walk corrected by ltdc = p0 + p1*exp(p2*tot)
#Tracker
# BFT1 X Layer
301     0          -894.05    
301     1          -894.05    
301     2          -894.05    
301     3          -894.05    
301     4          -894.05    
301     5          -894.05    
301     6          -894.05    
301     7          -894.05    
301     8          -894.05    
301     9          -894.05    
301     10         -894.05    
301     11         -894.05    
301     12         -894.05    
301     13         -894.05    
301     14         -894.05    
301     15         -894.05    
301     16         -894.05    
301     17         -894.05    
301     18         -894.05    
301     19         -894.05    
301     20         -894.05    
301     21         -894.05    
301     22         -894.05    
301     23         -894.05    
301     24         -894.05    
301     25         -894.05    
301     26         -894.05    
301     27         -894.05    
301     28         -894.05    
301     29         -894.05    
301     30         -894.05    
301     31         -894.05    
301     32         -894.05    
301     33         -894.05    
301     34         -894.05    
301     35         -894.05    
301     36         -894.05    
301     37         -894.05    
301     38         -894.05    
301     39         -894.05    
301     40         -894.05    
301     41         -894.05    
301     42         -894.05    
301     43         -894.05    
301     44         -894.05    
301     45         -894.05    
301     46         -894.05    
301     47         -894.05    
301     48         -894.05    
301     49         -894.05    
301     50         -894.05    
301     51         -894.05    
301     52         -894.05    
301     53         -894.05    
301     54         -894.05    
301     55         -894.05    
301     56         -894.05    
301     57         -894.05    
301     58         -894.05    
301     59         -894.05    
301     60         -894.05    
301     61         -894.05    
301     62         -894.05    
301     63         -894.05    
301     64         -894.05    
301     65         -894.05    
301     66         -894.05    
301     67         -894.05    
301     68         -894.05    
301     69         -894.05    
301     70         -894.05    
301     71         -894.05    
301     72         -894.05    
301     73         -894.05    
301     74         -894.05    
301     75         -894.05    
301     76         -894.05    
301     77         -894.05    
301     78         -894.05    
301     79         -894.05    
301     80         -894.05    
301     81         -894.05    
301     82         -894.05    
301     83         -894.05    
301     84         -894.05    
301     85         -894.05    
301     86         -894.05    
301     87         -894.05    
301     88         -894.05    
301     89         -894.05    
301     90         -894.05    
301     91         -894.05    
301     92         -894.05    
301     93         -894.05    
301     94         -894.05    
301     95         -894.05    
301     96         -894.05    
301     97         -894.05    
301     98         -894.05    
301     99         -894.05    
301     100        -894.05    
301     101        -894.05    
301     102        -894.05    
301     103        -894.05    
301     104        -894.05    
301     105        -894.05    
301     106        -894.05    
301     107        -894.05    
301     108        -894.05    
301     109        -894.05    
301     110        -894.05    
301     111        -894.05    
301     112        -894.05    
301     113        -894.05    
301     114        -894.05    
301     115        -894.05    
301     116        -894.05    
301     117        -894.05    
301     118        -894.05    
301     119        -894.05    
301     120        -894.05    
301     121        -894.05    
301     122        -894.05    
301     123        -894.05    
301     124        -894.05    
301     125        -894.05    
301     126        -894.05    
301     127        -894.05    
301     128        -894.05    
301     129        -894.05    
301     130        -894.05    
301     131        -894.05    
301     132        -894.05    
301     133        -894.05    
301     134        -894.05    
301     135        -894.05    
301     136        -894.05    
301     137        -894.05    
301     138        -894.05    
301     139        -894.05    
301     140        -894.05    
301     141        -894.05    
301     142        -894.05    
301     143        -894.05    
301     144        -894.05    
301     145        -894.05    
301     146        -894.05    
301     147        -894.05    
301     148        -894.05    
301     149        -894.05    
301     150        -894.05    
301     151        -894.05    
301     152        -894.05    
301     153        -894.05    
301     154        -894.05    
301     155        -894.05    
301     156        -894.05    
301     157        -894.05    
301     158        -894.05    
301     159        -894.05    
301     160        -894.05    
301     161        -894.05    
301     162        -894.05    
301     163        -894.05    
301     164        -894.05    
301     165        -894.05    
301     166        -894.05    
301     167        -894.05    
301     168        -894.05    
301     169        -894.05    
301     170        -894.05    
301     171        -894.05    
301     172        -894.05    
301     173        -894.05    
301     174        -894.05    
301     175        -894.05    
301     176        -894.05    
301     177        -894.05    
301     178        -894.05    
301     179        -894.05    
301     180        -894.05    
301     181        -894.05    
301     182        -894.05    
301     183        -894.05    
301     184        -894.05    
301     185        -894.05    
301     186        -894.05    
301     187        -894.05    
301     188        -894.05    
301     189        -894.05    
301     190        -894.05    
301     191        -894.05    
301     192        -894.05    
301     193        -894.05    
301     194        -894.05    
301     195        -894.05    
301     196        -894.05    
301     197        -894.05    
301     198        -894.05    
301     199        -894.05    
301     200        -894.05    
301     201        -894.05    
301     202        -894.05    
301     203        -894.05    
301     204        -894.05    
301     205        -894.05    
301     206        -894.05    
301     207        -894.05    
301     208        -894.05    
301     209        -894.05    
301     210        -894.05    
301     211        -894.05    
301     212        -894.05    
301     213        -894.05    
301     214        -894.05    
301     215        -894.05    
301     216        -894.05    
301     217        -894.05    
301     218        -894.05    
301     219        -894.05    
301     220        -894.05    
301     221        -894.05    
301     222        -894.05    
301     223        -894.05    
301     224        -894.05    
301     225        -894.05    
301     226        -894.05    
301     227        -894.05    
301     228        -894.05    
301     229        -894.05    
301     230        -894.05    
301     231        -894.05    
301     232        -894.05    
301     233        -894.05    
301     234        -894.05    
301     235        -894.05    
301     236        -894.05    
301     237        -894.05    
301     238        -894.05    
301     239        -894.05    
301     240        -894.05    
301     241        -894.05    
301     242        -894.05    
301     243        -894.05    
301     244        -894.05    
301     245        -894.05    
301     246        -894.05    
301     247        -894.05    
301     248        -894.05    
301     249        -894.05    
301     250        -894.05    
301     251        -894.05    
301     252        -894.05    
301     253        -894.05    
301     254        -894.05    
301     255        -894.05    
#
# BFT1 U Layer
302     0          -894.55  
302     1          -894.55  
302     2          -894.55  
302     3          -894.55  
302     4          -894.55  
302     5          -894.55  
302     6          -894.55  
302     7          -894.55  
302     8          -894.55  
302     9          -894.55  
302     10         -894.55  
302     11         -894.55  
302     12         -894.55  
302     13         -894.55  
302     14         -894.55  
302     15         -894.55  
302     16         -894.55  
302     17         -894.55  
302     18         -894.55  
302     19         -894.55  
302     20         -894.55  
302     21         -894.55  
302     22         -894.55  
302     23         -894.55  
302     24         -894.55  
302     25         -894.55  
302     26         -894.55  
302     27         -894.55  
302     28         -894.55  
302     29         -894.55  
302     30         -894.55  
302     31         -894.55  
302     32         -894.55  
302     33         -894.55  
302     34         -894.55  
302     35         -894.55  
302     36         -894.55  
302     37         -894.55  
302     38         -894.55  
302     39         -894.55  
302     40         -894.55  
302     41         -894.55  
302     42         -894.55  
302     43         -894.55  
302     44         -894.55  
302     45         -894.55  
302     46         -894.55  
302     47         -894.55  
302     48         -894.55  
302     49         -894.55  
302     50         -894.55  
302     51         -894.55  
302     52         -894.55  
302     53         -894.55  
302     54         -894.55  
302     55         -894.55  
302     56         -894.55  
302     57         -894.55  
302     58         -894.55  
302     59         -894.55  
302     60         -894.55  
302     61         -894.55  
302     62         -894.55  
302     63         -894.55  
302     64         -894.55  
302     65         -894.55  
302     66         -894.55  
302     67         -894.55  
302     68         -894.55  
302     69         -894.55  
302     70         -894.55  
302     71         -894.55  
302     72         -894.55  
302     73         -894.55  
302     74         -894.55  
302     75         -894.55  
302     76         -894.55  
302     77         -894.55  
302     78         -894.55  
302     79         -894.55  
302     80         -894.55  
302     81         -894.55  
302     82         -894.55  
302     83         -894.55  
302     84         -894.55  
302     85         -894.55  
302     86         -894.55  
302     87         -894.55  
302     88         -894.55  
302     89         -894.55  
302     90         -894.55  
302     91         -894.55  
302     92         -894.55  
302     93         -894.55  
302     94         -894.55  
302     95         -894.55  
302     96         -894.55  
302     97         -894.55  
302     98         -894.55  
302     99         -894.55  
302     100        -894.55  
302     101        -894.55  
302     102        -894.55  
302     103        -894.55  
302     104        -894.55  
302     105        -894.55  
302     106        -894.55  
302     107        -894.55  
302     108        -894.55  
302     109        -894.55  
302     110        -894.55  
302     111        -894.55  
302     112        -894.55  
302     113        -894.55  
302     114        -894.55  
302     115        -894.55  
302     116        -894.55  
302     117        -894.55  
302     118        -894.55  
302     119        -894.55  
302     120        -894.55  
302     121        -894.55  
302     122        -894.55  
302     123        -894.55  
302     124        -894.55  
302     125        -894.55  
302     126        -894.55  
302     127        -894.55  
302     128        -894.55  
302     129        -894.55  
302     130        -894.55  
302     131        -894.55  
302     132        -894.55  
302     133        -894.55  
302     134        -894.55  
302     135        -894.55  
302     136        -894.55  
302     137        -894.55  
302     138        -894.55  
302     139        -894.55  
302     140        -894.55  
302     141        -894.55  
302     142        -894.55  
302     143        -894.55  
302     144        -894.55  
302     145        -894.55  
302     146        -894.55  
302     147        -894.55  
302     148        -894.55  
302     149        -894.55  
302     150        -894.55  
302     151        -894.55  
302     152        -894.55  
302     153        -894.55  
302     154        -894.55  
302     155        -894.55  
302     156        -894.55  
302     157        -894.55  
302     158        -894.55  
302     159        -894.55  
302     160        -894.55  
302     161        -894.55  
302     162        -894.55  
302     163        -894.55  
302     164        -894.55  
302     165        -894.55  
302     166        -894.55  
302     167        -894.55  
302     168        -894.55  
302     169        -894.55  
302     170        -894.55  
302     171        -894.55  
302     172        -894.55  
302     173        -894.55  
302     174        -894.55  
302     175        -894.55  
302     176        -894.55  
302     177        -894.55  
302     178        -894.55  
302     179        -894.55  
302     180        -894.55  
302     181        -894.55  
302     182        -894.55  
302     183        -894.55  
302     184        -894.55  
302     185        -894.55  
302     186        -894.55  
302     187        -894.55  
302     188        -894.55  
302     189        -894.55  
302     190        -894.55  
302     191        -894.55  
302     192        -894.55  
302     193        -894.55  
302     194        -894.55  
302     195        -894.55  
302     196        -894.55  
302     197        -894.55  
302     198        -894.55  
302     199        -894.55  
302     200        -894.55  
302     201        -894.55  
302     202        -894.55  
302     203        -894.55  
302     204        -894.55  
302     205        -894.55  
302     206        -894.55  
302     207        -894.55  
302     208        -894.55  
302     209        -894.55  
302     210        -894.55  
302     211        -894.55  
302     212        -894.55  
302     213        -894.55  
302     214        -894.55  
302     215        -894.55  
302     216        -894.55  
302     217        -894.55  
302     218        -894.55  
302     219        -894.55  
302     220        -894.55  
302     221        -894.55  
302     222        -894.55  
302     223        -894.55  
302     224        -894.55  
302     225        -894.55  
302     226        -894.55  
302     227        -894.55  
302     228        -894.55  
302     229        -894.55  
302     230        -894.55  
302     231        -894.55  
302     232        -894.55  
302     233        -894.55  
302     234        -894.55  
302     235        -894.55  
302     236        -894.55  
302     237        -894.55  
302     238        -894.55  
302     239        -894.55  
302     240        -894.55  
302     241        -894.55  
302     242        -894.55  
302     243        -894.55  
302     244        -894.55  
302     245        -894.55  
302     246        -894.55  
302     247        -894.55  
302     248        -894.55  
302     249        -894.55  
302     250        -894.55  
302     251        -894.55  
302     252        -894.55  
302     253        -894.55  
302     254        -894.55  
302     255        -894.55  
#
# BFT1 V Layer
303     0          -895.25    
303     1          -895.25    
303     2          -895.25    
303     3          -895.25    
303     4          -895.25    
303     5          -895.25    
303     6          -895.25    
303     7          -895.25    
303     8          -895.25    
303     9          -895.25    
303     10         -895.25    
303     11         -895.25    
303     12         -895.25    
303     13         -895.25    
303     14         -895.25    
303     15         -895.25    
303     16         -895.25    
303     17         -895.25    
303     18         -895.25    
303     19         -895.25    
303     20         -895.25    
303     21         -895.25    
303     22         -895.25    
303     23         -895.25    
303     24         -895.25    
303     25         -895.25    
303     26         -895.25    
303     27         -895.25    
303     28         -895.25    
303     29         -895.25    
303     30         -895.25    
303     31         -895.25    
303     32         -895.25    
303     33         -895.25    
303     34         -895.25    
303     35         -895.25    
303     36         -895.25    
303     37         -895.25    
303     38         -895.25    
303     39         -895.25    
303     40         -895.25    
303     41         -895.25    
303     42         -895.25    
303     43         -895.25    
303     44         -895.25    
303     45         -895.25    
303     46         -895.25    
303     47         -895.25    
303     48         -895.25    
303     49         -895.25    
303     50         -895.25    
303     51         -895.25    
303     52         -895.25    
303     53         -895.25    
303     54         -895.25    
303     55         -895.25    
303     56         -895.25    
303     57         -895.25    
303     58         -895.25    
303     59         -895.25    
303     60         -895.25    
303     61         -895.25    
303     62         -895.25    
303     63         -895.25    
303     64         -895.25    
303     65         -895.25    
303     66         -895.25    
303     67         -895.25    
303     68         -895.25    
303     69         -895.25    
303     70         -895.25    
303     71         -895.25    
303     72         -895.25    
303     73         -895.25    
303     74         -895.25    
303     75         -895.25    
303     76         -895.25    
303     77         -895.25    
303     78         -895.25    
303     79         -895.25    
303     80         -895.25    
303     81         -895.25    
303     82         -895.25    
303     83         -895.25    
303     84         -895.25    
303     85         -895.25    
303     86         -895.25    
303     87         -895.25    
303     88         -895.25    
303     89         -895.25    
303     90         -895.25    
303     91         -895.25    
303     92         -895.25    
303     93         -895.25    
303     94         -895.25    
303     95         -895.25    
303     96         -895.25    
303     97         -895.25    
303     98         -895.25    
303     99         -895.25    
303     100        -895.25    
303     101        -895.25    
303     102        -895.25    
303     103        -895.25    
303     104        -895.25    
303     105        -895.25    
303     106        -895.25    
303     107        -895.25    
303     108        -895.25    
303     109        -895.25    
303     110        -895.25    
303     111        -895.25    
303     112        -895.25    
303     113        -895.25    
303     114        -895.25    
303     115        -895.25    
303     116        -895.25    
303     117        -895.25    
303     118        -895.25    
303     119        -895.25    
303     120        -895.25    
303     121        -895.25    
303     122        -895.25    
303     123        -895.25    
303     124        -895.25    
303     125        -895.25    
303     126        -895.25    
303     127        -895.25    
303     128        -895.25    
303     129        -895.25    
303     130        -895.25    
303     131        -895.25    
303     132        -895.25    
303     133        -895.25    
303     134        -895.25    
303     135        -895.25    
303     136        -895.25    
303     137        -895.25    
303     138        -895.25    
303     139        -895.25    
303     140        -895.25    
303     141        -895.25    
303     142        -895.25    
303     143        -895.25    
303     144        -895.25    
303     145        -895.25    
303     146        -895.25    
303     147        -895.25    
303     148        -895.25    
303     149        -895.25    
303     150        -895.25    
303     151        -895.25    
303     152        -895.25    
303     153        -895.25    
303     154        -895.25    
303     155        -895.25    
303     156        -895.25    
303     157        -895.25    
303     158        -895.25    
303     159        -895.25    
303     160        -895.25    
303     161        -895.25    
303     162        -895.25    
303     163        -895.25    
303     164        -895.25    
303     165        -895.25    
303     166        -895.25    
303     167        -895.25    
303     168        -895.25    
303     169        -895.25    
303     170        -895.25    
303     171        -895.25    
303     172        -895.25    
303     173        -895.25    
303     174        -895.25    
303     175        -895.25    
303     176        -895.25    
303     177        -895.25    
303     178        -895.25    
303     179        -895.25    
303     180        -895.25    
303     181        -895.25    
303     182        -895.25    
303     183        -895.25    
303     184        -895.25    
303     185        -895.25    
303     186        -895.25    
303     187        -895.25    
303     188        -895.25    
303     189        -895.25    
303     190        -895.25    
303     191        -895.25    
303     192        -895.25    
303     193        -895.25    
303     194        -895.25    
303     195        -895.25    
303     196        -895.25    
303     197        -895.25    
303     198        -895.25    
303     199        -895.25    
303     200        -895.25    
303     201        -895.25    
303     202        -895.25    
303     203        -895.25    
303     204        -895.25    
303     205        -895.25    
303     206        -895.25    
303     207        -895.25    
303     208        -895.25    
303     209        -895.25    
303     210        -895.25    
303     211        -895.25    
303     212        -895.25    
303     213        -895.25    
303     214        -895.25    
303     215        -895.25    
303     216        -895.25    
303     217        -895.25    
303     218        -895.25    
303     219        -895.25    
303     220        -895.25    
303     221        -895.25    
303     222        -895.25    
303     223        -895.25    
303     224        -895.25    
303     225        -895.25    
303     226        -895.25    
303     227        -895.25    
303     228        -895.25    
303     229        -895.25    
303     230        -895.25    
303     231        -895.25    
303     232        -895.25    
303     233        -895.25    
303     234        -895.25    
303     235        -895.25    
303     236        -895.25    
303     237        -895.25    
303     238        -895.25    
303     239        -895.25    
303     240        -895.25    
303     241        -895.25    
303     242        -895.25    
303     243        -895.25    
303     244        -895.25    
303     245        -895.25    
303     246        -895.25    
303     247        -895.25    
303     248        -895.25    
303     249        -895.25    
303     250        -895.25    
303     251        -895.25    
303     252        -895.25    
303     253        -895.25    
303     254        -895.25    
303     255        -895.25    
#
# BFT2 X Layer
304     0          -895.25    
304     1          -895.25    
304     2          -895.25    
304     3          -895.25    
304     4          -895.25    
304     5          -895.25    
304     6          -895.25    
304     7          -895.25    
304     8          -895.25    
304     9          -895.25    
304     10         -895.25    
304     11         -895.25    
304     12         -895.25    
304     13         -895.25    
304     14         -895.25    
304     15         -895.25    
304     16         -895.25    
304     17         -895.25    
304     18         -895.25    
304     19         -895.25    
304     20         -895.25    
304     21         -895.25    
304     22         -895.25    
304     23         -895.25    
304     24         -895.25    
304     25         -895.25    
304     26         -895.25    
304     27         -895.25    
304     28         -895.25    
304     29         -895.25    
304     30         -895.25    
304     31         -895.25    
304     32         -895.25    
304     33         -895.25    
304     34         -895.25    
304     35         -895.25    
304     36         -895.25    
304     37         -895.25    
304     38         -895.25    
304     39         -895.25    
304     40         -895.25    
304     41         -895.25    
304     42         -895.25    
304     43         -895.25    
304     44         -895.25    
304     45         -895.25    
304     46         -895.25    
304     47         -895.25    
304     48         -895.25    
304     49         -895.25    
304     50         -895.25    
304     51         -895.25    
304     52         -895.25    
304     53         -895.25    
304     54         -895.25    
304     55         -895.25    
304     56         -895.25    
304     57         -895.25    
304     58         -895.25    
304     59         -895.25    
304     60         -895.25    
304     61         -895.25    
304     62         -895.25    
304     63         -895.25    
304     64         -895.25    
304     65         -895.25    
304     66         -895.25    
304     67         -895.25    
304     68         -895.25    
304     69         -895.25    
304     70         -895.25    
304     71         -895.25    
304     72         -895.25    
304     73         -895.25    
304     74         -895.25    
304     75         -895.25    
304     76         -895.25    
304     77         -895.25    
304     78         -895.25    
304     79         -895.25    
304     80         -895.25    
304     81         -895.25    
304     82         -895.25    
304     83         -895.25    
304     84         -895.25    
304     85         -895.25    
304     86         -895.25    
304     87         -895.25    
304     88         -895.25    
304     89         -895.25    
304     90         -895.25    
304     91         -895.25    
304     92         -895.25    
304     93         -895.25    
304     94         -895.25    
304     95         -895.25    
304     96         -895.25    
304     97         -895.25    
304     98         -895.25    
304     99         -895.25    
304     100        -895.25    
304     101        -895.25    
304     102        -895.25    
304     103        -895.25    
304     104        -895.25    
304     105        -895.25    
304     106        -895.25    
304     107        -895.25    
304     108        -895.25    
304     109        -895.25    
304     110        -895.25    
304     111        -895.25    
304     112        -895.25    
304     113        -895.25    
304     114        -895.25    
304     115        -895.25    
304     116        -895.25    
304     117        -895.25    
304     118        -895.25    
304     119        -895.25    
304     120        -895.25    
304     121        -895.25    
304     122        -895.25    
304     123        -895.25    
304     124        -895.25    
304     125        -895.25    
304     126        -895.25    
304     127        -895.25    
304     128        -895.25    
304     129        -895.25    
304     130        -895.25    
304     131        -895.25    
304     132        -895.25    
304     133        -895.25    
304     134        -895.25    
304     135        -895.25    
304     136        -895.25    
304     137        -895.25    
304     138        -895.25    
304     139        -895.25    
304     140        -895.25    
304     141        -895.25    
304     142        -895.25    
304     143        -895.25    
304     144        -895.25    
304     145        -895.25    
304     146        -895.25    
304     147        -895.25    
304     148        -895.25    
304     149        -895.25    
304     150        -895.25    
304     151        -895.25    
304     152        -895.25    
304     153        -895.25    
304     154        -895.25    
304     155        -895.25    
304     156        -895.25    
304     157        -895.25    
304     158        -895.25    
304     159        -895.25    
304     160        -895.25    
304     161        -895.25    
304     162        -895.25    
304     163        -895.25    
304     164        -895.25    
304     165        -895.25    
304     166        -895.25    
304     167        -895.25    
304     168        -895.25    
304     169        -895.25    
304     170        -895.25    
304     171        -895.25    
304     172        -895.25    
304     173        -895.25    
304     174        -895.25    
304     175        -895.25    
304     176        -895.25    
304     177        -895.25    
304     178        -895.25    
304     179        -895.25    
304     180        -895.25    
304     181        -895.25    
304     182        -895.25    
304     183        -895.25    
304     184        -895.25    
304     185        -895.25    
304     186        -895.25    
304     187        -895.25    
304     188        -895.25    
304     189        -895.25    
304     190        -895.25    
304     191        -895.25    
304     192        -895.25    
304     193        -895.25    
304     194        -895.25    
304     195        -895.25    
304     196        -895.25    
304     197        -895.25    
304     198        -895.25    
304     199        -895.25    
304     200        -895.25    
304     201        -895.25    
304     202        -895.25    
304     203        -895.25    
304     204        -895.25    
304     205        -895.25    
304     206        -895.25    
304     207        -895.25    
304     208        -895.25    
304     209        -895.25    
304     210        -895.25    
304     211        -895.25    
304     212        -895.25    
304     213        -895.25    
304     214        -895.25    
304     215        -895.25    
304     216        -895.25    
304     217        -895.25    
304     218        -895.25    
304     219        -895.25    
304     220        -895.25    
304     221        -895.25    
304     222        -895.25    
304     223        -895.25    
304     224        -895.25    
304     225        -895.25    
304     226        -895.25    
304     227        -895.25    
304     228        -895.25    
304     229        -895.25    
304     230        -895.25    
304     231        -895.25    
304     232        -895.25    
304     233        -895.25    
304     234        -895.25    
304     235        -895.25    
304     236        -895.25    
304     237        -895.25    
304     238        -895.25    
304     239        -895.25    
304     240        -895.25    
304     241        -895.25    
304     242        -895.25    
304     243        -895.25    
304     244        -895.25    
304     245        -895.25    
304     246        -895.25    
304     247        -895.25    
304     248        -895.25    
304     249        -895.25    
304     250        -895.25    
304     251        -895.25    
304     252        -895.25    
304     253        -895.25    
304     254        -895.25    
304     255        -895.25    
#
# BFT2 U Layer
305     0          -895.85    
305     1          -895.85    
305     2          -895.85    
305     3          -895.85    
305     4          -895.85    
305     5          -895.85    
305     6          -895.85    
305     7          -895.85    
305     8          -895.85    
305     9          -895.85    
305     10         -895.85    
305     11         -895.85    
305     12         -895.85    
305     13         -895.85    
305     14         -895.85    
305     15         -895.85    
305     16         -895.85    
305     17         -895.85    
305     18         -895.85    
305     19         -895.85    
305     20         -895.85    
305     21         -895.85    
305     22         -895.85    
305     23         -895.85    
305     24         -895.85    
305     25         -895.85    
305     26         -895.85    
305     27         -895.85    
305     28         -895.85    
305     29         -895.85    
305     30         -895.85    
305     31         -895.85    
305     32         -895.85    
305     33         -895.85    
305     34         -895.85    
305     35         -895.85    
305     36         -895.85    
305     37         -895.85    
305     38         -895.85    
305     39         -895.85    
305     40         -895.85    
305     41         -895.85    
305     42         -895.85    
305     43         -895.85    
305     44         -895.85    
305     45         -895.85    
305     46         -895.85    
305     47         -895.85    
305     48         -895.85    
305     49         -895.85    
305     50         -895.85    
305     51         -895.85    
305     52         -895.85    
305     53         -895.85    
305     54         -895.85    
305     55         -895.85    
305     56         -895.85    
305     57         -895.85    
305     58         -895.85    
305     59         -895.85    
305     60         -895.85    
305     61         -895.85    
305     62         -895.85    
305     63         -895.85    
305     64         -895.85    
305     65         -895.85    
305     66         -895.85    
305     67         -895.85    
305     68         -895.85    
305     69         -895.85    
305     70         -895.85    
305     71         -895.85    
305     72         -895.85    
305     73         -895.85    
305     74         -895.85    
305     75         -895.85    
305     76         -895.85    
305     77         -895.85    
305     78         -895.85    
305     79         -895.85    
305     80         -895.85    
305     81         -895.85    
305     82         -895.85    
305     83         -895.85    
305     84         -895.85    
305     85         -895.85    
305     86         -895.85    
305     87         -895.85    
305     88         -895.85    
305     89         -895.85    
305     90         -895.85    
305     91         -895.85    
305     92         -895.85    
305     93         -895.85    
305     94         -895.85    
305     95         -895.85    
305     96         -895.85    
305     97         -895.85    
305     98         -895.85    
305     99         -895.85    
305     100        -895.85    
305     101        -895.85    
305     102        -895.85    
305     103        -895.85    
305     104        -895.85    
305     105        -895.85    
305     106        -895.85    
305     107        -895.85    
305     108        -895.85    
305     109        -895.85    
305     110        -895.85    
305     111        -895.85    
305     112        -895.85    
305     113        -895.85    
305     114        -895.85    
305     115        -895.85    
305     116        -895.85    
305     117        -895.85    
305     118        -895.85    
305     119        -895.85    
305     120        -895.85    
305     121        -895.85    
305     122        -895.85    
305     123        -895.85    
305     124        -895.85    
305     125        -895.85    
305     126        -895.85    
305     127        -895.85    
305     128        -895.85    
305     129        -895.85    
305     130        -895.85    
305     131        -895.85    
305     132        -895.85    
305     133        -895.85    
305     134        -895.85    
305     135        -895.85    
305     136        -895.85    
305     137        -895.85    
305     138        -895.85    
305     139        -895.85    
305     140        -895.85    
305     141        -895.85    
305     142        -895.85    
305     143        -895.85    
305     144        -895.85    
305     145        -895.85    
305     146        -895.85    
305     147        -895.85    
305     148        -895.85    
305     149        -895.85    
305     150        -895.85    
305     151        -895.85    
305     152        -895.85    
305     153        -895.85    
305     154        -895.85    
305     155        -895.85    
305     156        -895.85    
305     157        -895.85    
305     158        -895.85    
305     159        -895.85    
305     160        -895.85    
305     161        -895.85    
305     162        -895.85    
305     163        -895.85    
305     164        -895.85    
305     165        -895.85    
305     166        -895.85    
305     167        -895.85    
305     168        -895.85    
305     169        -895.85    
305     170        -895.85    
305     171        -895.85    
305     172        -895.85    
305     173        -895.85    
305     174        -895.85    
305     175        -895.85    
305     176        -895.85    
305     177        -895.85    
305     178        -895.85    
305     179        -895.85    
305     180        -895.85    
305     181        -895.85    
305     182        -895.85    
305     183        -895.85    
305     184        -895.85    
305     185        -895.85    
305     186        -895.85    
305     187        -895.85    
305     188        -895.85    
305     189        -895.85    
305     190        -895.85    
305     191        -895.85    
305     192        -895.85    
305     193        -895.85    
305     194        -895.85    
305     195        -895.85    
305     196        -895.85    
305     197        -895.85    
305     198        -895.85    
305     199        -895.85    
305     200        -895.85    
305     201        -895.85    
305     202        -895.85    
305     203        -895.85    
305     204        -895.85    
305     205        -895.85    
305     206        -895.85    
305     207        -895.85    
305     208        -895.85    
305     209        -895.85    
305     210        -895.85    
305     211        -895.85    
305     212        -895.85    
305     213        -895.85    
305     214        -895.85    
305     215        -895.85    
305     216        -895.85    
305     217        -895.85    
305     218        -895.85    
305     219        -895.85    
305     220        -895.85    
305     221        -895.85    
305     222        -895.85    
305     223        -895.85    
305     224        -895.85    
305     225        -895.85    
305     226        -895.85    
305     227        -895.85    
305     228        -895.85    
305     229        -895.85    
305     230        -895.85    
305     231        -895.85    
305     232        -895.85    
305     233        -895.85    
305     234        -895.85    
305     235        -895.85    
305     236        -895.85    
305     237        -895.85    
305     238        -895.85    
305     239        -895.85    
305     240        -895.85    
305     241        -895.85    
305     242        -895.85    
305     243        -895.85    
305     244        -895.85    
305     245        -895.85    
305     246        -895.85    
305     247        -895.85    
305     248        -895.85    
305     249        -895.85    
305     250        -895.85    
305     251        -895.85    
305     252        -895.85    
305     253        -895.85    
305     254        -895.85    
305     255        -895.85    
#
# BFT2 V Layer
306     0          -895.55    
306     1          -895.55    
306     2          -895.55    
306     3          -895.55    
306     4          -895.55    
306     5          -895.55    
306     6          -895.55    
306     7          -895.55    
306     8          -895.55    
306     9          -895.55    
306     10         -895.55    
306     11         -895.55    
306     12         -895.55    
306     13         -895.55    
306     14         -895.55    
306     15         -895.55    
306     16         -895.55    
306     17         -895.55    
306     18         -895.55    
306     19         -895.55    
306     20         -895.55    
306     21         -895.55    
306     22         -895.55    
306     23         -895.55    
306     24         -895.55    
306     25         -895.55    
306     26         -895.55    
306     27         -895.55    
306     28         -895.55    
306     29         -895.55    
306     30         -895.55    
306     31         -895.55    
306     32         -895.55    
306     33         -895.55    
306     34         -895.55    
306     35         -895.55    
306     36         -895.55    
306     37         -895.55    
306     38         -895.55    
306     39         -895.55    
306     40         -895.55    
306     41         -895.55    
306     42         -895.55    
306     43         -895.55    
306     44         -895.55    
306     45         -895.55    
306     46         -895.55    
306     47         -895.55    
306     48         -895.55    
306     49         -895.55    
306     50         -895.55    
306     51         -895.55    
306     52         -895.55    
306     53         -895.55    
306     54         -895.55    
306     55         -895.55    
306     56         -895.55    
306     57         -895.55    
306     58         -895.55    
306     59         -895.55    
306     60         -895.55    
306     61         -895.55    
306     62         -895.55    
306     63         -895.55    
306     64         -895.55    
306     65         -895.55    
306     66         -895.55    
306     67         -895.55    
306     68         -895.55    
306     69         -895.55    
306     70         -895.55    
306     71         -895.55    
306     72         -895.55    
306     73         -895.55    
306     74         -895.55    
306     75         -895.55    
306     76         -895.55    
306     77         -895.55    
306     78         -895.55    
306     79         -895.55    
306     80         -895.55    
306     81         -895.55    
306     82         -895.55    
306     83         -895.55    
306     84         -895.55    
306     85         -895.55    
306     86         -895.55    
306     87         -895.55    
306     88         -895.55    
306     89         -895.55    
306     90         -895.55    
306     91         -895.55    
306     92         -895.55    
306     93         -895.55    
306     94         -895.55    
306     95         -895.55    
306     96         -895.55    
306     97         -895.55    
306     98         -895.55    
306     99         -895.55    
306     100        -895.55    
306     101        -895.55    
306     102        -895.55    
306     103        -895.55    
306     104        -895.55    
306     105        -895.55    
306     106        -895.55    
306     107        -895.55    
306     108        -895.55    
306     109        -895.55    
306     110        -895.55    
306     111        -895.55    
306     112        -895.55    
306     113        -895.55    
306     114        -895.55    
306     115        -895.55    
306     116        -895.55    
306     117        -895.55    
306     118        -895.55    
306     119        -895.55    
306     120        -895.55    
306     121        -895.55    
306     122        -895.55    
306     123        -895.55    
306     124        -895.55    
306     125        -895.55    
306     126        -895.55    
306     127        -895.55    
306     128        -895.55    
306     129        -895.55    
306     130        -895.55    
306     131        -895.55    
306     132        -895.55    
306     133        -895.55    
306     134        -895.55    
306     135        -895.55    
306     136        -895.55    
306     137        -895.55    
306     138        -895.55    
306     139        -895.55    
306     140        -895.55    
306     141        -895.55    
306     142        -895.55    
306     143        -895.55    
306     144        -895.55    
306     145        -895.55    
306     146        -895.55    
306     147        -895.55    
306     148        -895.55    
306     149        -895.55    
306     150        -895.55    
306     151        -895.55    
306     152        -895.55    
306     153        -895.55    
306     154        -895.55    
306     155        -895.55    
306     156        -895.55    
306     157        -895.55    
306     158        -895.55    
306     159        -895.55    
306     160        -895.55    
306     161        -895.55    
306     162        -895.55    
306     163        -895.55    
306     164        -895.55    
306     165        -895.55    
306     166        -895.55    
306     167        -895.55    
306     168        -895.55    
306     169        -895.55    
306     170        -895.55    
306     171        -895.55    
306     172        -895.55    
306     173        -895.55    
306     174        -895.55    
306     175        -895.55    
306     176        -895.55    
306     177        -895.55    
306     178        -895.55    
306     179        -895.55    
306     180        -895.55    
306     181        -895.55    
306     182        -895.55    
306     183        -895.55    
306     184        -895.55    
306     185        -895.55    
306     186        -895.55    
306     187        -895.55    
306     188        -895.55    
306     189        -895.55    
306     190        -895.55    
306     191        -895.55    
306     192        -895.55    
306     193        -895.55    
306     194        -895.55    
306     195        -895.55    
306     196        -895.55    
306     197        -895.55    
306     198        -895.55    
306     199        -895.55    
306     200        -895.55    
306     201        -895.55    
306     202        -895.55    
306     203        -895.55    
306     204        -895.55    
306     205        -895.55    
306     206        -895.55    
306     207        -895.55    
306     208        -895.55    
306     209        -895.55    
306     210        -895.55    
306     211        -895.55    
306     212        -895.55    
306     213        -895.55    
306     214        -895.55    
306     215        -895.55    
306     216        -895.55    
306     217        -895.55    
306     218        -895.55    
306     219        -895.55    
306     220        -895.55    
306     221        -895.55    
306     222        -895.55    
306     223        -895.55    
306     224        -895.55    
306     225        -895.55    
306     226        -895.55    
306     227        -895.55    
306     228        -895.55    
306     229        -895.55    
306     230        -895.55    
306     231        -895.55    
306     232        -895.55    
306     233        -895.55    
306     234        -895.55    
306     235        -895.55    
306     236        -895.55    
306     237        -895.55    
306     238        -895.55    
306     239        -895.55    
306     240        -895.55    
306     241        -895.55    
306     242        -895.55    
306     243        -895.55    
306     244        -895.55    
306     245        -895.55
306     246        -895.55 
306     247        -895.55 
306     248        -895.55 
306     249        -895.55 
306     250        -895.55 
306     251        -895.55 
306     252        -895.55 
306     253        -895.55 
306     254        -895.55  
306     255        -895.55