#
# param_Countermap
#
#       DetID
#                1  RPC (HR-TDC readout)
#
#	AorT	0: ADC		1: TDC
#	UorD	0: Up(Left)	1: Down(Right)
##
# -------------------------------------------------------------------
#       C       N       A     DetId   PlID   SegID  UorD
# -------------------------------------------------------------------
# T0 (HR-TDC)
# -------------------------------------------------------------------
        1       1       0       1      0      0      0
        1       1       1       1      0      1      0
        1       1       2       1      0      2      0
        1       1       3       1      0      3      0
        1       1       4       1      0      4      0
        1       1       5       1      0      5      0
        1       1       6       1      0      6      0
        1       1       7       1      0      7      0
        1       1       8       1      0      8      0
        1       1       9       1      0      9      0
        1       1      10       1      0     10      0
        1       1      11       1      0     11      0
        1       1      12       1      0     12      0
        1       1      13       1      0     13      0
        1       1      14       1      0     14      0
        1       1      15       1      0     15      0
        1       1      16       3      0     16      0
        1       1      17       3      0     17      0
        1       1      18       3      0     18      0
        1       1      19       3      0     19      0
        1       1      20       3      0     20      0
        1       1      21       3      0     21      0
        1       1      22       3      0     22      0
        1       1      23       3      0     23      0
        1       1      24       3      0     24      0
        1       1      25       3      0     25      0
        1       1      26       3      0     26      0
        1       1      27       3      0     27      0
        1       1      28       3      0     28      0
        1       1      29       3      0     29      0
        1       1      30       3      0     30      0
        1       1      31       3      0     31      0
#
        1       1      32       1      0     32      0
        1       1      33       1      0     33      0
        1       1      34       1      0     34      0
        1       1      35       1      0     35      0
        1       1      36       1      0     36      0
        1       1      37       1      0     37      0
        1       1      38       1      0     38      0
        1       1      39       1      0     39      0
        1       1      40       1      0     40      0
        1       1      41       1      0     41      0
        1       1      42       1      0     42      0
        1       1      43       1      0     43      0
        1       1      44       1      0     44      0
        1       1      45       1      0     45      0
        1       1      46       1      0     46      0
        1       1      47       1      0     47      0
        1       1      48       3      0     48      0
        1       1      49       3      0     49      0
        1       1      50       3      0     50      0
        1       1      51       3      0     51      0
        1       1      52       3      0     52      0
        1       1      53       3      0     53      0
        1       1      54       3      0     54      0
        1       1      55       3      0     55      0
        1       1      56       3      0     56      0
        1       1      57       3      0     57      0
        1       1      58       3      0     58      0
        1       1      59       3      0     59      0
        1       1      60       3      0     60      0
        1       1      61       3      0     61      0
        1       1      62       3      0     62      0
        1       1      63       3      0     63      0
#