# Id Name       X[mm]    Y[mm]    Z[mm] TA[deg] RA1[deg] RA2[deg]   L[mm]  Res[mm]  W0   dXdW    Ofs
#
   0 Target    00.00    00.00    00.00    00.00   00.00    00.00    00.00   1.000   0.00     0.000   0.00
#
# BFT
 301 BFT1-x    00.00    00.00   -347.85   00.00   00.00    00.00   -347.85  1.050   128.00   0.525   0.00
 302 BFT1-u    00.00    00.00   -343.85   30.00   00.00    00.00   -343.85  1.050   128.00   0.525   0.00
 303 BFT1-v    00.00    00.00   -339.85  -30.00   00.00    00.00   -339.85  1.050   128.00   0.525   0.00
 304 BFT2-x    00.00    00.00   -147.85   00.00   00.00    00.00   -147.85  1.050   128.00   0.525   0.00
 305 BFT2-u    00.00    00.00   -143.85   30.00   00.00    00.00   -143.85  1.050   128.00   0.525   0.00
 306 BFT2-v    00.00    00.00   -139.85  -30.00   00.00    00.00   -139.85  1.050   128.00   0.525   0.00
#
#Counters
#  21 T0-1       00.00    00.00   600.00   00.00   00.00    00.00   600.00   1.000   0.00   0.000   0.00
#  22 T0-2       00.00    00.00   600.00   00.00   00.00    00.00   600.00   1.000   0.00   0.000   0.00
#  23 T0-3       00.00    00.00   600.00   00.00   00.00    00.00   600.00   1.000   0.00   0.000   0.00
#  24 T0-4       00.00    00.00   600.00   00.00   00.00    00.00   600.00   1.000   0.00   0.000   0.00
#  25 T0-5       00.00    00.00   600.00   00.00   00.00    00.00   600.00   1.000   0.00   0.000   0.00
#  26 T0-6       00.00    00.00   600.00   00.00   00.00    00.00   600.00   1.000   0.00   0.000   0.00
#
