#
# DC DriftParam
#
#BDC
101  0  6  6  0.0 5.881435e-02 -2.062432e-04 1.805879e-06 -8.042092e-09 1.208995e-11
102  0  6  6  0.0 5.409165e-02 -2.461072e-04 3.057135e-06 -1.524478e-08 2.464962e-11
103  0  6  6  0.0 5.929207e-02 -2.214261e-04 2.092082e-06 -9.901557e-09 1.581325e-11
104  0  6  6  0.0 6.320601e-02 -5.348621e-05 -1.170577e-06 7.380381e-09 -1.291790e-11
105  0  6  6  0.0 6.441183e-02 -1.846240e-04 1.104761e-06 -5.226674e-09 9.188441e-12
106  0  6  6  0.0 6.042489e-02 -2.519870e-04 2.538113e-06 -1.260470e-08 2.115203e-11
107  0  6  6  0.0 6.266640e-02 -3.077146e-04 2.934179e-06 -1.384616e-08 2.277085e-11
108  0  6  6  0.0 7.315062e-02 -2.316849e-04 2.188372e-07 2.277355e-09 -5.858429e-12
#
#KLDC
201  0  6  6  0.0 6.766989e-02 -6.185105e-04 2.816462e-05 -4.673873e-07 2.259202e-09
202  0  6  6  0.0 7.401489e-02 -1.066566e-03 3.969874e-05 -5.879443e-07 2.699832e-09
203  0  6  6  0.0 6.407681e-02 -1.310295e-04 7.912090e-06 -1.716185e-07 8.699844e-10
204  0  6  6  0.0 6.345163e-02 3.878705e-05 3.070559e-06 -1.239126e-07 7.158778e-10
205  0  6  6  0.0 5.780260e-02 2.723108e-04 -3.455057e-06 -4.658375e-08 4.157504e-10
206  0  6  6  0.0 6.907188e-02 -4.329446e-04 1.628930e-05 -2.780875e-07 1.353793e-09
207  0  6  6  0.0 6.821998e-02 -4.863910e-04 1.953700e-05 -3.245295e-07 1.558960e-09
208  0  6  6  0.0 5.650124e-02 5.287855e-04 -1.373340e-05 9.072432e-08 -1.732394e-10
#
