#
# DC DriftParam
#
#BDC
101  0  6  6  0.0 5.881435e-02 -2.062432e-04 1.805879e-06 -8.042092e-09 1.208995e-11
102  0  6  6  0.0 5.409165e-02 -2.461072e-04 3.057135e-06 -1.524478e-08 2.464962e-11
103  0  6  6  0.0 5.929207e-02 -2.214261e-04 2.092082e-06 -9.901557e-09 1.581325e-11
104  0  6  6  0.0 6.320601e-02 -5.348621e-05 -1.170577e-06 7.380381e-09 -1.291790e-11
105  0  6  6  0.0 6.441183e-02 -1.846240e-04 1.104761e-06 -5.226674e-09 9.188441e-12
106  0  6  6  0.0 6.042489e-02 -2.519870e-04 2.538113e-06 -1.260470e-08 2.115203e-11
107  0  6  6  0.0 6.266640e-02 -3.077146e-04 2.934179e-06 -1.384616e-08 2.277085e-11
108  0  6  6  0.0 7.315062e-02 -2.316849e-04 2.188372e-07 2.277355e-09 -5.858429e-12
#
#KLDC
201  0  6  6  0.0 7.509470e-02 -8.864618e-04 2.458946e-05 -3.416573e-07 1.543294e-09
202  0  6  6  0.0 7.600682e-02 -1.032668e-03 3.101121e-05 -4.341797e-07 1.965957e-09
203  0  6  6  0.0 7.703839e-02 -8.685129e-04 2.050692e-05 -2.596563e-07 1.092965e-09
204  0  6  6  0.0 7.863703e-02 -1.003441e-03 2.568492e-05 -3.331102e-07 1.430353e-09
205  0  6  6  0.0 7.441656e-02 -8.982036e-04 2.559009e-05 -3.571430e-07 1.616870e-09
206  0  6  6  0.0 8.120148e-02 -1.207237e-03 3.332027e-05 -4.485547e-07 2.001285e-09
207  0  6  6  0.0 7.643522e-02 -1.097253e-03 3.322843e-05 -4.622354e-07 2.085074e-09
208  0  6  6  0.0 7.659846e-02 -8.090602e-04 1.826192e-05 -2.406552e-07 1.071235e-09
#
